1.0	0.0	1.0	0.0	0.0	2.0	1.0	Depressed	000-0.png
2.0	0.0	2.0	2.0	2.0	0.0	1.0	Calm	000-1.png
1.0	0.0	2.0	2.0	2.0	2.0	1.0	Calm	000-10.png
2.0	0.0	2.0	2.0	2.0	2.0	6.0	Calm	000-11.png
2.0	0.0	2.0	2.0	2.0	2.0	1.0	Calm	000-12.png
2.0	0.0	2.0	2.0	2.0	2.0	1.0	Calm	000-13.png
0.0	0.0	2.0	0.0	2.0	2.0	1.0	Calm	000-14.png
2.0	0.0	2.0	0.0	2.0	2.0	1.0	Calm	000-15.png
2.0	0.0	2.0	0.0	2.0	2.0	1.0	Calm	000-16.png
2.0	0.0	2.0	0.0	2.0	2.0	1.0	Calm	000-17.png
2.0	0.0	2.0	0.0	2.0	2.0	1.0	Calm	000-18.png
1.0	0.0	2.0	0.0	2.0	2.0	1.0	Calm	000-19.png
2.0	0.0	2.0	2.0	2.0	0.0	1.0	Calm	000-2.png
2.0	0.0	2.0	2.0	2.0	2.0	1.0	Calm	000-20.png
1.0	0.0	2.0	0.0	2.0	2.0	1.0	Calm	000-21.png
1.0	0.0	2.0	0.0	2.0	2.0	1.0	Calm	000-22.png
1.0	0.0	1.0	0.0	2.0	2.0	1.0	Depressed	000-23.png
1.0	0.0	2.0	0.0	2.0	2.0	1.0	Calm	000-24.png
2.0	0.0	2.0	0.0	2.0	2.0	1.0	Calm	000-25.png
2.0	0.0	2.0	0.0	2.0	2.0	1.0	Calm	000-26.png
1.0	0.0	2.0	0.0	2.0	2.0	1.0	Calm	000-27.png
2.0	0.0	2.0	0.0	2.0	2.0	1.0	Calm	000-28.png
2.0	1.0	2.0	2.0	2.0	2.0	6.0	Calm	000-29.png
1.0	0.0	2.0	2.0	2.0	2.0	1.0	Calm	000-3.png
2.0	0.0	1.0	0.0	0.0	0.0	1.0	Depressed	000-30.png
1.0	0.0	1.0	0.0	2.0	2.0	0.0	Depressed	000-31.png
2.0	0.0	2.0	0.0	2.0	2.0	1.0	Calm	000-32.png
2.0	0.0	1.0	0.0	0.0	2.0	0.0	Depressed	000-33.png
2.0	0.0	2.0	2.0	0.0	2.0	0.0	Calm	000-34.png
1.0	0.0	2.0	0.0	2.0	2.0	1.0	Calm	000-35.png
2.0	0.0	2.0	0.0	0.0	2.0	1.0	Calm	000-36.png
2.0	0.0	1.0	0.0	0.0	2.0	0.0	Depressed	000-37.png
1.0	0.0	1.0	0.0	0.0	2.0	1.0	Depressed	000-38.png
1.0	0.0	1.0	0.0	0.0	2.0	1.0	Depressed	000-39.png
2.0	1.0	0.0	2.0	2.0	2.0	1.0	Calm	000-4.png
1.0	0.0	1.0	0.0	2.0	2.0	0.0	Depressed	000-40.png
0.0	0.0	1.0	0.0	0.0	2.0	1.0	Depressed	000-41.png
2.0	0.0	1.0	0.0	2.0	2.0	1.0	Calm	000-42.png
2.0	0.0	1.0	0.0	2.0	2.0	0.0	Depressed	000-43.png
2.0	0.0	1.0	0.0	2.0	2.0	1.0	Calm	000-44.png
2.0	0.0	1.0	0.0	0.0	1.0	1.0	Depressed	000-45.png
1.0	0.0	1.0	0.0	0.0	2.0	1.0	Depressed	000-46.png
0.0	0.0	1.0	0.0	0.0	2.0	1.0	Depressed	000-47.png
0.0	0.0	1.0	0.0	2.0	2.0	1.0	Depressed	000-48.png
2.0	0.0	1.0	0.0	0.0	2.0	1.0	Depressed	000-49.png
1.0	1.0	2.0	2.0	2.0	2.0	1.0	Calm	000-5.png
2.0	0.0	1.0	0.0	2.0	1.0	1.0	Depressed	000-50.png
0.0	0.0	1.0	0.0	0.0	1.0	0.0	Depressed	000-51.png
2.0	0.0	1.0	0.0	2.0	1.0	0.0	Depressed	000-52.png
2.0	0.0	1.0	0.0	0.0	1.0	1.0	Depressed	000-53.png
0.0	0.0	1.0	0.0	0.0	1.0	0.0	Depressed	000-54.png
1.0	0.0	1.0	0.0	0.0	1.0	0.0	Depressed	000-55.png
2.0	0.0	1.0	0.0	0.0	1.0	1.0	Depressed	000-56.png
2.0	0.0	2.0	0.0	2.0	1.0	1.0	Anxious	000-57.png
0.0	0.0	1.0	0.0	0.0	2.0	1.0	Depressed	000-58.png
2.0	0.0	2.0	2.0	2.0	2.0	1.0	Calm	000-6.png
1.0	0.0	2.0	2.0	2.0	2.0	1.0	Calm	000-7.png
2.0	0.0	2.0	0.0	2.0	2.0	1.0	Calm	000-8.png
1.0	0.0	2.0	2.0	2.0	2.0	1.0	Calm	000-9.png
2.0	0.0	2.0	0.0	0.0	1.0	1.0	Depressed	001-0.png
2.0	0.0	1.0	0.0	2.0	1.0	1.0	Depressed	001-1.png
2.0	0.0	1.0	0.0	0.0	0.0	4.0	Depressed	002-0.png
2.0	0.0	0.0	2.0	2.0	2.0	2.0	Happy	003-0.png
0.0	0.0	0.0	2.0	1.0	1.0	2.0	Happy	003-1.png
1.0	0.0	1.0	0.0	2.0	1.0	3.0	Depressed	004-0.png
0.0	1.0	0.0	2.0	1.0	2.0	5.0	Calm	005-0.png
2.0	1.0	0.0	2.0	1.0	2.0	5.0	Calm	005-1.png
2.0	1.0	0.0	1.0	1.0	2.0	2.0	Anxious	006-0.png
0.0	1.0	2.0	2.0	2.0	2.0	1.0	Calm	007-0.png
2.0	1.0	0.0	2.0	2.0	2.0	1.0	Calm	007-1.png
0.0	0.0	2.0	2.0	2.0	1.0	3.0	Happy	008-0.png
2.0	0.0	2.0	2.0	1.0	1.0	3.0	Anxious	008-1.png
2.0	0.0	2.0	0.0	0.0	2.0	3.0	Calm	009-0.png
2.0	0.0	2.0	0.0	2.0	2.0	2.0	Calm	009-1.png
2.0	0.0	2.0	2.0	2.0	0.0	6.0	Calm	010-0.png
2.0	0.0	2.0	2.0	2.0	0.0	6.0	Calm	010-1.png
0.0	0.0	2.0	0.0	2.0	1.0	5.0	Depressed	011-0.png
0.0	0.0	2.0	2.0	2.0	1.0	5.0	Calm	011-1.png
2.0	1.0	2.0	2.0	2.0	2.0	2.0	Calm	012-0.png
2.0	0.0	2.0	2.0	2.0	2.0	3.0	Calm	012-1.png
2.0	0.0	0.0	2.0	1.0	2.0	3.0	Happy	014-0.png
2.0	1.0	0.0	1.0	1.0	2.0	3.0	Anxious	014-1.png
0.0	0.0	0.0	2.0	2.0	1.0	3.0	Happy	015-0.png
2.0	1.0	2.0	2.0	2.0	2.0	2.0	Calm	016-0.png
2.0	1.0	0.0	2.0	2.0	2.0	2.0	Happy	016-1.png
0.0	1.0	0.0	2.0	2.0	2.0	2.0	Happy	016-2.png
2.0	0.0	0.0	2.0	1.0	0.0	2.0	Happy	017-0.png
1.0	1.0	0.0	1.0	1.0	0.0	2.0	Happy	017-1.png
2.0	0.0	0.0	1.0	1.0	0.0	2.0	Happy	017-2.png
2.0	0.0	2.0	0.0	2.0	1.0	2.0	Calm	018-0.png
2.0	1.0	2.0	2.0	2.0	1.0	2.0	Calm	018-1.png
0.0	1.0	0.0	2.0	1.0	0.0	3.0	Happy	019-0.png
0.0	1.0	0.0	2.0	1.0	0.0	3.0	Happy	019-1.png
0.0	1.0	0.0	2.0	1.0	0.0	3.0	Happy	019-2.png
2.0	0.0	2.0	0.0	2.0	2.0	1.0	Calm	020-0.png
2.0	1.0	2.0	2.0	1.0	1.0	4.0	Anxious	021-0.png
0.0	0.0	2.0	2.0	1.0	2.0	3.0	Calm	022-0.png
0.0	1.0	2.0	0.0	2.0	2.0	3.0	Calm	023-0.png
0.0	0.0	2.0	2.0	0.0	2.0	6.0	Depressed	024-0.png
1.0	0.0	1.0	0.0	2.0	1.0	2.0	Depressed	025-0.png
1.0	0.0	1.0	0.0	2.0	1.0	2.0	Depressed	025-1.png
2.0	0.0	1.0	0.0	2.0	1.0	2.0	Depressed	025-2.png
1.0	0.0	2.0	0.0	2.0	1.0	2.0	Happy	025-3.png
1.0	0.0	1.0	0.0	2.0	1.0	2.0	Depressed	025-4.png
2.0	1.0	2.0	2.0	1.0	0.0	2.0	Anxious	026-0.png
2.0	0.0	2.0	2.0	1.0	0.0	3.0	Happy	026-1.png
0.0	0.0	0.0	2.0	1.0	0.0	2.0	Happy	026-2.png
1.0	1.0	0.0	2.0	1.0	0.0	2.0	Happy	026-3.png
2.0	0.0	0.0	2.0	1.0	0.0	2.0	Happy	026-4.png
2.0	0.0	1.0	0.0	2.0	1.0	1.0	Depressed	027-0.png
2.0	0.0	2.0	2.0	1.0	1.0	3.0	Anxious	028-0.png
2.0	0.0	2.0	2.0	2.0	1.0	6.0	Calm	029-0.png
2.0	0.0	0.0	2.0	2.0	1.0	6.0	Happy	030-0.png
0.0	0.0	0.0	1.0	1.0	1.0	2.0	Anxious	031-0.png
0.0	0.0	2.0	2.0	2.0	2.0	6.0	Calm	032-0.png
2.0	0.0	2.0	2.0	1.0	0.0	5.0	Calm	033-0.png
0.0	0.0	1.0	0.0	2.0	1.0	2.0	Depressed	034-0.png
2.0	0.0	2.0	0.0	2.0	0.0	5.0	Calm	035-0.png
2.0	0.0	2.0	2.0	2.0	2.0	1.0	Calm	036-0.png
2.0	0.0	2.0	0.0	2.0	1.0	2.0	Calm	037-0.png
1.0	0.0	1.0	0.0	2.0	1.0	2.0	Depressed	037-1.png
2.0	1.0	2.0	0.0	2.0	1.0	2.0	Anxious	037-2.png
1.0	0.0	2.0	0.0	2.0	1.0	2.0	Happy	037-3.png
1.0	0.0	2.0	0.0	2.0	1.0	2.0	Happy	037-4.png
2.0	1.0	0.0	2.0	1.0	1.0	6.0	Anxious	038-0.png
0.0	1.0	2.0	2.0	2.0	1.0	4.0	Anxious	039-0.png
2.0	0.0	2.0	2.0	1.0	2.0	4.0	Calm	040-0.png
2.0	0.0	0.0	2.0	1.0	2.0	4.0	Calm	041-0.png
0.0	1.0	2.0	0.0	2.0	0.0	6.0	Depressed	042-0.png
0.0	1.0	0.0	2.0	1.0	2.0	3.0	Happy	043-0.png
0.0	0.0	2.0	2.0	1.0	1.0	3.0	Anxious	044-0.png
2.0	0.0	0.0	1.0	2.0	0.0	3.0	Happy	045-0.png
2.0	1.0	1.0	0.0	2.0	2.0	2.0	Calm	046-0.png
0.0	1.0	0.0	2.0	2.0	1.0	6.0	Depressed	047-0.png
0.0	0.0	2.0	0.0	2.0	0.0	0.0	Depressed	048-0.png
2.0	1.0	2.0	0.0	2.0	0.0	6.0	Calm	049-0.png
0.0	0.0	2.0	2.0	1.0	2.0	1.0	Anxious	050-0.png
1.0	0.0	0.0	2.0	1.0	0.0	3.0	Happy	051-0.png
2.0	1.0	0.0	2.0	1.0	0.0	6.0	Happy	052-0.png
2.0	0.0	0.0	1.0	1.0	0.0	1.0	Anxious	053-0.png
2.0	1.0	0.0	1.0	1.0	2.0	1.0	Anxious	054-0.png
0.0	0.0	1.0	0.0	1.0	1.0	4.0	Depressed	055-0.png
2.0	1.0	0.0	2.0	1.0	1.0	1.0	Anxious	056-0.png
0.0	0.0	0.0	2.0	1.0	0.0	1.0	Happy	058-0.png
0.0	0.0	0.0	2.0	1.0	0.0	1.0	Happy	058-1.png
0.0	1.0	0.0	2.0	1.0	0.0	1.0	Anxious	058-2.png
0.0	1.0	0.0	1.0	1.0	0.0	1.0	Anxious	058-3.png
0.0	0.0	0.0	2.0	1.0	0.0	2.0	Happy	059-0.png
0.0	0.0	0.0	2.0	1.0	0.0	2.0	Happy	059-1.png
2.0	0.0	0.0	1.0	1.0	0.0	2.0	Happy	059-2.png
0.0	0.0	0.0	2.0	1.0	0.0	2.0	Happy	059-3.png
0.0	0.0	2.0	0.0	2.0	2.0	2.0	Calm	060-0.png
0.0	0.0	1.0	0.0	2.0	2.0	2.0	Depressed	060-1.png
2.0	0.0	2.0	0.0	2.0	2.0	2.0	Calm	060-2.png
0.0	0.0	1.0	0.0	2.0	2.0	2.0	Depressed	060-3.png
0.0	0.0	0.0	2.0	1.0	2.0	2.0	Happy	061-0.png
0.0	1.0	0.0	2.0	2.0	2.0	2.0	Happy	061-1.png
2.0	1.0	2.0	2.0	2.0	2.0	2.0	Calm	061-2.png
2.0	1.0	2.0	2.0	2.0	2.0	2.0	Calm	061-3.png
1.0	1.0	2.0	0.0	0.0	1.0	2.0	Depressed	062-0.png
0.0	0.0	1.0	0.0	0.0	1.0	2.0	Depressed	062-1.png
2.0	0.0	1.0	0.0	0.0	1.0	5.0	Depressed	062-2.png
0.0	0.0	2.0	0.0	0.0	2.0	6.0	Depressed	063-0.png
0.0	0.0	2.0	0.0	2.0	2.0	6.0	Depressed	063-1.png
0.0	0.0	2.0	0.0	2.0	2.0	6.0	Depressed	063-2.png
0.0	0.0	2.0	0.0	2.0	2.0	2.0	Calm	064-0.png
1.0	1.0	2.0	0.0	2.0	2.0	2.0	Happy	064-1.png
2.0	1.0	2.0	0.0	2.0	2.0	2.0	Calm	064-2.png
2.0	1.0	2.0	0.0	2.0	2.0	5.0	Calm	064-3.png
2.0	0.0	2.0	2.0	2.0	1.0	1.0	Calm	065-0.png
0.0	0.0	2.0	2.0	1.0	1.0	1.0	Anxious	065-1.png
0.0	1.0	2.0	2.0	0.0	1.0	2.0	Depressed	066-0.png
0.0	1.0	2.0	0.0	0.0	1.0	3.0	Depressed	066-1.png
0.0	0.0	2.0	2.0	2.0	2.0	1.0	Calm	067-0.png
2.0	1.0	0.0	2.0	1.0	0.0	2.0	Happy	068-0.png
2.0	1.0	1.0	0.0	1.0	2.0	1.0	Anxious	069-0.png
2.0	1.0	2.0	0.0	2.0	2.0	3.0	Calm	070-0.png
2.0	1.0	0.0	2.0	1.0	0.0	4.0	Happy	071-0.png
0.0	0.0	1.0	0.0	2.0	1.0	3.0	Depressed	072-0.png
2.0	1.0	0.0	1.0	1.0	0.0	4.0	Anxious	073-0.png
0.0	1.0	0.0	2.0	1.0	0.0	2.0	Happy	074-0.png
0.0	0.0	2.0	2.0	1.0	0.0	6.0	Depressed	075-0.png
0.0	0.0	1.0	0.0	2.0	2.0	3.0	Depressed	076-0.png
0.0	0.0	2.0	0.0	2.0	1.0	2.0	Depressed	077-0.png
1.0	1.0	0.0	1.0	1.0	0.0	3.0	Happy	078-0.png
0.0	1.0	0.0	2.0	2.0	1.0	6.0	Depressed	079-0.png
2.0	1.0	0.0	2.0	2.0	1.0	3.0	Happy	080-0.png
0.0	1.0	2.0	2.0	1.0	2.0	3.0	Anxious	081-0.png
1.0	1.0	2.0	2.0	1.0	1.0	6.0	Anxious	081-1.png
2.0	0.0	0.0	2.0	1.0	2.0	3.0	Happy	082-0.png
0.0	0.0	2.0	2.0	0.0	2.0	6.0	Depressed	083-0.png
0.0	0.0	0.0	2.0	2.0	2.0	2.0	Happy	084-0.png
0.0	1.0	0.0	2.0	2.0	1.0	2.0	Happy	084-1.png
0.0	0.0	1.0	0.0	2.0	2.0	6.0	Depressed	085-0.png
0.0	0.0	1.0	0.0	0.0	2.0	6.0	Depressed	085-1.png
0.0	0.0	1.0	0.0	0.0	2.0	6.0	Depressed	085-2.png
0.0	0.0	1.0	0.0	0.0	2.0	6.0	Depressed	085-3.png
0.0	0.0	1.0	0.0	0.0	2.0	6.0	Depressed	085-4.png
0.0	0.0	1.0	0.0	0.0	2.0	5.0	Depressed	085-5.png
0.0	1.0	2.0	2.0	2.0	2.0	3.0	Calm	086-0.png
2.0	0.0	1.0	0.0	0.0	1.0	2.0	Depressed	087-0.png
2.0	0.0	1.0	0.0	0.0	1.0	3.0	Depressed	087-1.png
2.0	0.0	1.0	0.0	0.0	1.0	3.0	Depressed	087-2.png
2.0	0.0	0.0	2.0	2.0	2.0	2.0	Happy	088-0.png
0.0	1.0	0.0	2.0	1.0	2.0	2.0	Happy	088-1.png
2.0	1.0	0.0	2.0	1.0	2.0	2.0	Happy	088-2.png
2.0	1.0	2.0	2.0	1.0	2.0	3.0	Calm	089-0.png
0.0	1.0	0.0	2.0	1.0	2.0	3.0	Happy	089-1.png
2.0	1.0	2.0	2.0	1.0	2.0	3.0	Calm	089-2.png
0.0	0.0	2.0	0.0	2.0	1.0	2.0	Depressed	090-0.png
2.0	0.0	1.0	0.0	2.0	1.0	2.0	Depressed	090-1.png
2.0	0.0	2.0	0.0	2.0	1.0	6.0	Depressed	090-2.png
2.0	0.0	1.0	0.0	0.0	0.0	5.0	Depressed	091-0.png
2.0	0.0	1.0	0.0	2.0	0.0	1.0	Depressed	091-2.png
0.0	1.0	2.0	2.0	1.0	2.0	5.0	Calm	092-0.png
0.0	1.0	2.0	2.0	2.0	2.0	2.0	Calm	092-1.png
2.0	1.0	2.0	2.0	2.0	0.0	2.0	Happy	092-2.png
2.0	0.0	0.0	2.0	1.0	0.0	4.0	Happy	093-0.png
2.0	1.0	0.0	2.0	1.0	0.0	4.0	Happy	093-1.png
2.0	0.0	0.0	2.0	1.0	0.0	4.0	Happy	093-2.png
0.0	1.0	0.0	2.0	1.0	2.0	6.0	Depressed	094-0.png
0.0	1.0	0.0	2.0	2.0	2.0	6.0	Happy	094-1.png
2.0	0.0	0.0	2.0	2.0	2.0	6.0	Calm	094-2.png
2.0	0.0	2.0	2.0	2.0	1.0	4.0	Calm	095-0.png
1.0	1.0	2.0	0.0	2.0	2.0	4.0	Calm	095-1.png
0.0	1.0	0.0	2.0	1.0	2.0	2.0	Happy	096-0.png
0.0	0.0	2.0	2.0	2.0	0.0	5.0	Calm	097-0.png
0.0	0.0	2.0	0.0	2.0	1.0	3.0	Depressed	098-0.png
0.0	1.0	1.0	0.0	0.0	1.0	4.0	Depressed	099-0.png
0.0	0.0	2.0	0.0	2.0	0.0	1.0	Depressed	100-0.png
2.0	0.0	2.0	2.0	1.0	0.0	6.0	Calm	102-0.png
0.0	0.0	2.0	2.0	1.0	0.0	5.0	Calm	102-1.png
0.0	0.0	2.0	0.0	2.0	1.0	6.0	Depressed	103-0.png
0.0	0.0	2.0	2.0	1.0	1.0	3.0	Anxious	104-0.png
0.0	1.0	0.0	1.0	1.0	1.0	2.0	Anxious	105-0.png
0.0	0.0	2.0	0.0	2.0	1.0	2.0	Depressed	106-0.png
0.0	0.0	2.0	0.0	1.0	2.0	1.0	Anxious	107-0.png
0.0	0.0	1.0	0.0	2.0	2.0	1.0	Depressed	107-1.png
0.0	0.0	1.0	0.0	2.0	2.0	1.0	Depressed	107-2.png
2.0	0.0	1.0	0.0	2.0	2.0	1.0	Calm	107-3.png
0.0	1.0	0.0	2.0	1.0	0.0	6.0	Happy	108-0.png
2.0	0.0	0.0	2.0	1.0	0.0	2.0	Happy	108-1.png
0.0	0.0	0.0	2.0	1.0	0.0	2.0	Happy	108-2.png
0.0	0.0	0.0	2.0	1.0	0.0	2.0	Happy	108-3.png
0.0	0.0	2.0	0.0	2.0	1.0	5.0	Depressed	109-0.png
0.0	0.0	2.0	2.0	2.0	2.0	5.0	Calm	109-1.png
2.0	0.0	2.0	0.0	2.0	1.0	6.0	Depressed	109-2.png
2.0	0.0	1.0	0.0	2.0	2.0	5.0	Calm	109-3.png
2.0	0.0	1.0	0.0	0.0	2.0	5.0	Depressed	110-0.png
2.0	1.0	2.0	0.0	2.0	2.0	5.0	Calm	110-1.png
1.0	0.0	2.0	0.0	0.0	2.0	6.0	Depressed	110-2.png
2.0	0.0	1.0	0.0	0.0	2.0	5.0	Depressed	110-3.png
0.0	1.0	0.0	2.0	1.0	0.0	6.0	Happy	111-0.png
2.0	1.0	2.0	2.0	1.0	0.0	6.0	Anxious	111-1.png
2.0	0.0	2.0	2.0	1.0	0.0	6.0	Calm	111-2.png
0.0	0.0	2.0	2.0	2.0	0.0	5.0	Calm	111-3.png
0.0	1.0	2.0	2.0	2.0	2.0	6.0	Calm	112-0.png
2.0	0.0	2.0	2.0	2.0	2.0	5.0	Calm	112-1.png
0.0	0.0	2.0	0.0	2.0	2.0	6.0	Depressed	112-2.png
2.0	1.0	2.0	2.0	2.0	2.0	6.0	Calm	112-3.png
2.0	0.0	2.0	0.0	2.0	2.0	6.0	Calm	113-0.png
0.0	0.0	2.0	0.0	0.0	2.0	6.0	Depressed	113-1.png
2.0	0.0	2.0	2.0	0.0	2.0	6.0	Calm	113-2.png
0.0	0.0	2.0	0.0	0.0	2.0	6.0	Depressed	113-3.png
0.0	0.0	2.0	2.0	1.0	2.0	5.0	Calm	114-0.png
0.0	0.0	2.0	2.0	2.0	2.0	6.0	Calm	114-1.png
2.0	0.0	2.0	2.0	2.0	2.0	5.0	Calm	114-2.png
2.0	1.0	2.0	2.0	2.0	2.0	5.0	Calm	114-3.png
0.0	0.0	2.0	2.0	1.0	2.0	4.0	Calm	115-0.png
0.0	0.0	0.0	2.0	1.0	0.0	2.0	Happy	116-0.png
0.0	0.0	2.0	2.0	2.0	0.0	6.0	Happy	117-0.png
0.0	0.0	0.0	2.0	1.0	0.0	5.0	Happy	117-1.png
0.0	0.0	0.0	2.0	1.0	0.0	5.0	Happy	117-2.png
0.0	0.0	0.0	2.0	1.0	0.0	5.0	Happy	117-3.png
2.0	0.0	1.0	0.0	2.0	2.0	4.0	Calm	118-0.png
0.0	0.0	1.0	0.0	2.0	2.0	4.0	Depressed	118-1.png
0.0	0.0	2.0	2.0	1.0	2.0	4.0	Calm	118-2.png
0.0	0.0	1.0	0.0	2.0	2.0	4.0	Depressed	118-3.png
2.0	0.0	1.0	0.0	2.0	2.0	4.0	Calm	118-4.png
2.0	0.0	1.0	0.0	2.0	2.0	3.0	Calm	118-5.png
0.0	0.0	1.0	0.0	2.0	2.0	3.0	Depressed	118-6.png
2.0	1.0	2.0	0.0	2.0	2.0	1.0	Calm	119-0.png
0.0	1.0	2.0	0.0	2.0	2.0	1.0	Anxious	119-1.png
2.0	0.0	2.0	2.0	2.0	2.0	5.0	Calm	120-0.png
1.0	0.0	2.0	2.0	2.0	1.0	6.0	Happy	121-0.png
2.0	1.0	0.0	1.0	1.0	2.0	6.0	Anxious	121-1.png
2.0	1.0	0.0	1.0	1.0	2.0	3.0	Anxious	122-0.png
2.0	0.0	2.0	0.0	2.0	2.0	3.0	Calm	123-0.png
0.0	0.0	2.0	0.0	2.0	2.0	4.0	Calm	123-1.png
0.0	0.0	2.0	0.0	2.0	2.0	3.0	Calm	123-2.png
2.0	0.0	2.0	0.0	2.0	2.0	3.0	Calm	123-3.png
2.0	0.0	1.0	0.0	2.0	2.0	3.0	Calm	123-4.png
2.0	0.0	0.0	2.0	1.0	1.0	5.0	Calm	124-0.png
2.0	0.0	2.0	2.0	1.0	1.0	5.0	Calm	124-1.png
2.0	0.0	2.0	2.0	1.0	1.0	5.0	Calm	124-2.png
2.0	0.0	2.0	2.0	1.0	1.0	5.0	Calm	124-3.png
2.0	1.0	0.0	2.0	2.0	2.0	2.0	Happy	125-0.png
2.0	1.0	0.0	2.0	2.0	2.0	2.0	Happy	125-1.png
2.0	1.0	0.0	2.0	2.0	2.0	2.0	Happy	125-2.png
2.0	1.0	0.0	2.0	2.0	2.0	2.0	Happy	125-3.png
2.0	0.0	2.0	2.0	1.0	2.0	6.0	Calm	126-0.png
1.0	0.0	0.0	2.0	1.0	2.0	6.0	Happy	126-1.png
2.0	0.0	0.0	2.0	1.0	2.0	6.0	Calm	126-2.png
2.0	1.0	2.0	2.0	1.0	2.0	6.0	Calm	126-3.png
2.0	0.0	0.0	2.0	1.0	2.0	6.0	Calm	126-4.png
2.0	0.0	2.0	2.0	2.0	2.0	1.0	Calm	127-0.png
2.0	0.0	2.0	2.0	2.0	1.0	1.0	Calm	127-1.png
2.0	1.0	2.0	0.0	2.0	1.0	1.0	Anxious	127-2.png
2.0	1.0	0.0	1.0	1.0	1.0	1.0	Anxious	128-0.png
0.0	0.0	0.0	1.0	1.0	1.0	1.0	Anxious	128-1.png
2.0	1.0	0.0	1.0	1.0	1.0	1.0	Anxious	128-2.png
2.0	0.0	0.0	1.0	1.0	1.0	1.0	Anxious	128-3.png
2.0	1.0	0.0	1.0	1.0	1.0	1.0	Anxious	128-4.png
2.0	0.0	0.0	1.0	1.0	1.0	6.0	Anxious	129-0.png
2.0	0.0	0.0	1.0	1.0	2.0	6.0	Anxious	129-1.png
2.0	1.0	0.0	1.0	1.0	2.0	6.0	Anxious	129-2.png
0.0	1.0	0.0	1.0	1.0	1.0	5.0	Anxious	129-3.png
2.0	0.0	0.0	2.0	2.0	2.0	4.0	Calm	130-0.png
0.0	1.0	2.0	0.0	2.0	2.0	4.0	Calm	130-1.png
0.0	1.0	2.0	2.0	2.0	2.0	4.0	Calm	130-2.png
1.0	0.0	2.0	2.0	2.0	2.0	4.0	Calm	130-3.png
2.0	0.0	2.0	0.0	2.0	2.0	4.0	Calm	130-4.png
0.0	1.0	0.0	2.0	1.0	1.0	2.0	Anxious	131-0.png
0.0	1.0	2.0	2.0	1.0	1.0	2.0	Anxious	131-1.png
0.0	0.0	0.0	2.0	1.0	1.0	2.0	Happy	131-2.png
0.0	0.0	2.0	2.0	1.0	1.0	2.0	Anxious	131-3.png
1.0	1.0	0.0	2.0	2.0	2.0	3.0	Happy	132-0.png
1.0	1.0	0.0	2.0	1.0	2.0	3.0	Happy	132-1.png
2.0	1.0	2.0	2.0	2.0	2.0	3.0	Calm	132-2.png
2.0	1.0	0.0	2.0	1.0	2.0	3.0	Happy	132-3.png
0.0	0.0	2.0	2.0	2.0	2.0	4.0	Calm	133-0.png
0.0	0.0	0.0	2.0	2.0	2.0	2.0	Happy	133-1.png
0.0	0.0	2.0	2.0	2.0	2.0	2.0	Calm	133-2.png
0.0	0.0	2.0	2.0	2.0	2.0	2.0	Calm	133-3.png
0.0	1.0	2.0	2.0	2.0	2.0	2.0	Calm	133-4.png
0.0	0.0	1.0	0.0	0.0	1.0	3.0	Depressed	134-0.png
2.0	0.0	1.0	0.0	0.0	1.0	3.0	Depressed	134-1.png
2.0	0.0	0.0	2.0	2.0	1.0	5.0	Calm	135-0.png
1.0	0.0	0.0	2.0	1.0	1.0	2.0	Happy	135-1.png
2.0	0.0	2.0	2.0	2.0	1.0	4.0	Calm	136-0.png
2.0	1.0	0.0	2.0	1.0	2.0	5.0	Calm	137-0.png
1.0	0.0	1.0	0.0	0.0	1.0	5.0	Depressed	138-0.png
2.0	0.0	2.0	0.0	2.0	1.0	1.0	Anxious	139-0.png
0.0	0.0	2.0	0.0	2.0	1.0	5.0	Depressed	139-1.png
2.0	0.0	2.0	2.0	1.0	1.0	5.0	Calm	140-0.png
1.0	0.0	2.0	0.0	2.0	1.0	6.0	Depressed	140-1.png
0.0	0.0	1.0	0.0	0.0	1.0	1.0	Depressed	141-0.png
0.0	1.0	2.0	2.0	1.0	0.0	3.0	Anxious	142-0.png
2.0	0.0	2.0	0.0	2.0	2.0	2.0	Calm	143-0.png
2.0	1.0	0.0	1.0	1.0	2.0	2.0	Anxious	144-0.png
2.0	1.0	2.0	2.0	2.0	2.0	3.0	Calm	145-0.png
0.0	0.0	2.0	2.0	0.0	2.0	5.0	Calm	146-0.png
0.0	1.0	2.0	2.0	1.0	2.0	3.0	Anxious	147-0.png
2.0	0.0	2.0	2.0	2.0	2.0	1.0	Calm	148-0.png
0.0	0.0	1.0	0.0	2.0	0.0	0.0	Depressed	149-0.png
2.0	1.0	0.0	2.0	2.0	1.0	1.0	Anxious	150-0.png
2.0	1.0	0.0	2.0	1.0	1.0	1.0	Anxious	150-1.png
2.0	1.0	0.0	2.0	2.0	1.0	5.0	Calm	150-2.png
2.0	1.0	0.0	2.0	2.0	1.0	1.0	Anxious	150-3.png
2.0	1.0	0.0	2.0	2.0	1.0	1.0	Anxious	150-4.png
0.0	0.0	2.0	2.0	2.0	1.0	1.0	Anxious	150-5.png
2.0	0.0	2.0	2.0	2.0	1.0	1.0	Calm	150-6.png
2.0	1.0	2.0	2.0	2.0	1.0	1.0	Anxious	150-7.png
2.0	1.0	0.0	2.0	2.0	1.0	1.0	Anxious	150-8.png
2.0	1.0	0.0	2.0	2.0	1.0	1.0	Anxious	150-9.png
0.0	1.0	0.0	2.0	1.0	0.0	3.0	Happy	151-0.png
2.0	1.0	0.0	2.0	1.0	0.0	3.0	Happy	151-1.png
2.0	1.0	2.0	2.0	1.0	0.0	3.0	Anxious	151-10.png
2.0	1.0	2.0	2.0	1.0	0.0	3.0	Anxious	151-2.png
2.0	0.0	2.0	2.0	1.0	0.0	3.0	Happy	151-3.png
2.0	0.0	2.0	0.0	1.0	0.0	3.0	Anxious	151-4.png
2.0	1.0	2.0	2.0	1.0	0.0	4.0	Anxious	151-5.png
2.0	1.0	0.0	2.0	1.0	0.0	4.0	Happy	151-6.png
2.0	1.0	0.0	2.0	1.0	0.0	4.0	Happy	151-7.png
0.0	1.0	0.0	2.0	1.0	0.0	4.0	Happy	151-8.png
0.0	1.0	0.0	2.0	2.0	1.0	2.0	Happy	152-0.png
2.0	1.0	0.0	2.0	2.0	1.0	2.0	Happy	152-1.png
0.0	1.0	0.0	2.0	2.0	1.0	2.0	Happy	152-2.png
2.0	0.0	0.0	2.0	2.0	1.0	2.0	Happy	152-3.png
2.0	1.0	2.0	2.0	2.0	1.0	2.0	Calm	152-4.png
2.0	1.0	0.0	2.0	2.0	1.0	2.0	Happy	152-5.png
2.0	1.0	0.0	2.0	2.0	1.0	2.0	Happy	152-6.png
0.0	1.0	0.0	2.0	2.0	1.0	2.0	Happy	152-7.png
0.0	1.0	0.0	2.0	2.0	1.0	2.0	Happy	152-8.png
2.0	0.0	0.0	2.0	2.0	1.0	2.0	Happy	152-9.png
2.0	1.0	2.0	2.0	2.0	2.0	3.0	Calm	153-0.png
2.0	0.0	2.0	2.0	2.0	2.0	3.0	Calm	153-1.png
2.0	0.0	2.0	2.0	1.0	0.0	3.0	Happy	153-2.png
0.0	1.0	2.0	2.0	2.0	2.0	3.0	Calm	153-3.png
1.0	1.0	2.0	2.0	2.0	2.0	3.0	Happy	153-4.png
2.0	1.0	0.0	2.0	1.0	0.0	3.0	Happy	153-5.png
2.0	1.0	0.0	2.0	1.0	0.0	3.0	Happy	153-6.png
0.0	1.0	0.0	2.0	2.0	0.0	4.0	Happy	153-7.png
2.0	0.0	2.0	2.0	1.0	0.0	4.0	Calm	153-8.png
2.0	0.0	2.0	2.0	2.0	2.0	3.0	Calm	153-9.png
2.0	1.0	0.0	2.0	1.0	2.0	3.0	Happy	154-0.png
2.0	1.0	0.0	2.0	1.0	2.0	3.0	Happy	154-1.png
2.0	1.0	0.0	2.0	1.0	2.0	3.0	Happy	154-2.png
0.0	1.0	0.0	2.0	1.0	2.0	3.0	Happy	154-3.png
2.0	1.0	0.0	2.0	1.0	2.0	3.0	Happy	154-4.png
0.0	1.0	0.0	2.0	1.0	1.0	3.0	Anxious	154-5.png
2.0	1.0	0.0	2.0	2.0	2.0	3.0	Happy	154-6.png
2.0	1.0	0.0	2.0	1.0	1.0	3.0	Anxious	154-7.png
2.0	1.0	0.0	2.0	1.0	1.0	3.0	Anxious	154-8.png
2.0	0.0	0.0	2.0	1.0	2.0	3.0	Happy	154-9.png
2.0	0.0	2.0	2.0	1.0	2.0	1.0	Calm	155-0.png
2.0	0.0	0.0	2.0	1.0	2.0	0.0	Calm	155-1.png
2.0	0.0	2.0	2.0	1.0	2.0	0.0	Calm	155-2.png
2.0	0.0	2.0	2.0	2.0	2.0	0.0	Calm	155-3.png
2.0	0.0	0.0	2.0	1.0	2.0	0.0	Calm	155-4.png
2.0	0.0	2.0	2.0	1.0	2.0	1.0	Calm	155-5.png
2.0	0.0	2.0	2.0	1.0	2.0	0.0	Calm	155-6.png
2.0	0.0	2.0	2.0	1.0	2.0	0.0	Calm	155-7.png
2.0	1.0	0.0	2.0	1.0	2.0	1.0	Anxious	155-8.png
2.0	1.0	0.0	1.0	1.0	0.0	2.0	Anxious	156-0.png
0.0	0.0	1.0	0.0	0.0	1.0	1.0	Depressed	157-0.png
2.0	0.0	1.0	0.0	0.0	1.0	5.0	Depressed	157-1.png
0.0	0.0	1.0	0.0	2.0	1.0	6.0	Depressed	158-0.png
0.0	0.0	2.0	2.0	2.0	0.0	6.0	Happy	158-1.png
2.0	0.0	1.0	0.0	2.0	2.0	6.0	Depressed	158-2.png
2.0	1.0	2.0	0.0	2.0	2.0	1.0	Calm	159-0.png
1.0	1.0	2.0	0.0	2.0	2.0	1.0	Anxious	159-1.png
2.0	0.0	2.0	2.0	1.0	2.0	1.0	Calm	160-0.png
0.0	1.0	2.0	2.0	1.0	2.0	1.0	Anxious	160-1.png
0.0	1.0	2.0	2.0	0.0	1.0	6.0	Depressed	161-0.png
0.0	1.0	2.0	2.0	2.0	1.0	6.0	Depressed	161-1.png
0.0	1.0	0.0	2.0	2.0	2.0	3.0	Happy	162-0.png
0.0	1.0	0.0	2.0	2.0	2.0	3.0	Happy	162-1.png
0.0	0.0	1.0	0.0	2.0	2.0	2.0	Depressed	163-0.png
2.0	0.0	2.0	0.0	2.0	2.0	5.0	Calm	163-1.png
0.0	0.0	2.0	0.0	2.0	2.0	5.0	Calm	164-0.png
0.0	0.0	2.0	2.0	2.0	2.0	6.0	Calm	164-1.png
2.0	1.0	0.0	2.0	1.0	2.0	6.0	Calm	165-0.png
0.0	1.0	0.0	2.0	1.0	2.0	6.0	Depressed	165-1.png
2.0	0.0	2.0	2.0	1.0	0.0	6.0	Calm	166-0.png
2.0	0.0	2.0	2.0	1.0	0.0	6.0	Calm	166-1.png
0.0	1.0	2.0	2.0	2.0	0.0	4.0	Happy	167-0.png
0.0	0.0	2.0	2.0	1.0	2.0	6.0	Calm	168-0.png
0.0	0.0	1.0	0.0	1.0	2.0	6.0	Depressed	168-1.png
0.0	0.0	1.0	0.0	2.0	1.0	2.0	Depressed	169-0.png
0.0	1.0	1.0	0.0	2.0	1.0	2.0	Depressed	169-1.png
2.0	1.0	0.0	2.0	1.0	2.0	1.0	Anxious	170-0.png
2.0	1.0	0.0	0.0	1.0	2.0	1.0	Anxious	170-1.png
1.0	1.0	0.0	2.0	2.0	2.0	2.0	Happy	171-0.png
2.0	1.0	0.0	2.0	2.0	2.0	2.0	Happy	171-1.png
2.0	0.0	2.0	0.0	2.0	1.0	1.0	Anxious	172-0.png
0.0	0.0	2.0	0.0	2.0	1.0	6.0	Depressed	172-1.png
2.0	0.0	0.0	2.0	2.0	0.0	3.0	Happy	173-0.png
2.0	0.0	0.0	2.0	1.0	0.0	3.0	Happy	173-1.png
2.0	0.0	0.0	2.0	2.0	0.0	3.0	Happy	173-2.png
2.0	0.0	0.0	2.0	2.0	0.0	3.0	Happy	173-3.png
2.0	0.0	0.0	2.0	1.0	0.0	3.0	Happy	173-4.png
2.0	0.0	2.0	2.0	1.0	1.0	2.0	Anxious	174-0.png
0.0	0.0	0.0	2.0	1.0	1.0	2.0	Happy	174-1.png
0.0	0.0	2.0	2.0	1.0	1.0	2.0	Anxious	174-2.png
1.0	1.0	2.0	2.0	1.0	1.0	2.0	Anxious	174-3.png
0.0	0.0	2.0	2.0	1.0	1.0	2.0	Anxious	174-4.png
0.0	0.0	0.0	2.0	1.0	2.0	5.0	Calm	174-5.png
2.0	0.0	1.0	0.0	1.0	1.0	3.0	Depressed	175-0.png
1.0	1.0	1.0	0.0	1.0	1.0	3.0	Anxious	175-1.png
2.0	0.0	2.0	2.0	1.0	0.0	1.0	Anxious	176-0.png
2.0	0.0	2.0	2.0	1.0	2.0	2.0	Calm	177-0.png
2.0	1.0	2.0	2.0	1.0	2.0	2.0	Calm	177-1.png
2.0	1.0	2.0	0.0	2.0	1.0	5.0	Calm	178-0.png
0.0	0.0	2.0	0.0	2.0	1.0	6.0	Depressed	178-1.png
2.0	0.0	0.0	1.0	1.0	0.0	1.0	Anxious	179-0.png
2.0	0.0	0.0	1.0	1.0	0.0	1.0	Anxious	179-1.png
2.0	0.0	1.0	0.0	2.0	2.0	6.0	Depressed	180-0.png
2.0	1.0	2.0	0.0	2.0	2.0	5.0	Calm	180-1.png
2.0	1.0	0.0	2.0	1.0	0.0	2.0	Happy	181-0.png
2.0	1.0	2.0	2.0	1.0	2.0	2.0	Calm	181-1.png
2.0	1.0	0.0	1.0	1.0	0.0	2.0	Anxious	181-2.png
2.0	0.0	1.0	0.0	0.0	1.0	4.0	Depressed	182-0.png
0.0	1.0	2.0	2.0	1.0	1.0	3.0	Anxious	183-0.png
0.0	0.0	1.0	0.0	2.0	1.0	1.0	Depressed	184-0.png
1.0	0.0	1.0	0.0	2.0	1.0	1.0	Depressed	184-1.png
2.0	0.0	1.0	0.0	0.0	1.0	5.0	Depressed	185-0.png
2.0	0.0	1.0	0.0	0.0	2.0	1.0	Depressed	185-1.png
2.0	0.0	1.0	0.0	2.0	1.0	6.0	Depressed	186-0.png
2.0	0.0	2.0	0.0	2.0	1.0	6.0	Depressed	186-1.png
2.0	1.0	2.0	2.0	2.0	2.0	6.0	Calm	187-0.png
0.0	0.0	2.0	2.0	2.0	1.0	2.0	Happy	187-1.png
0.0	0.0	2.0	0.0	2.0	2.0	6.0	Depressed	188-0.png
2.0	1.0	2.0	0.0	2.0	2.0	6.0	Calm	188-1.png
2.0	0.0	1.0	0.0	2.0	2.0	6.0	Depressed	189-0.png
0.0	0.0	1.0	0.0	2.0	1.0	5.0	Depressed	190-0.png
2.0	0.0	1.0	0.0	2.0	1.0	5.0	Depressed	190-1.png
0.0	1.0	0.0	2.0	2.0	2.0	2.0	Happy	191-0.png
2.0	1.0	2.0	2.0	2.0	1.0	2.0	Calm	192-0.png
2.0	1.0	0.0	2.0	2.0	1.0	2.0	Happy	192-1.png
2.0	0.0	2.0	2.0	2.0	2.0	2.0	Calm	193-0.png
2.0	0.0	2.0	2.0	1.0	2.0	2.0	Calm	193-1.png
0.0	0.0	2.0	2.0	2.0	2.0	6.0	Calm	193-2.png
0.0	1.0	0.0	2.0	1.0	2.0	6.0	Depressed	193-3.png
2.0	1.0	2.0	2.0	1.0	2.0	5.0	Calm	194-0.png
0.0	1.0	2.0	0.0	2.0	1.0	5.0	Depressed	194-1.png
0.0	0.0	2.0	2.0	1.0	2.0	1.0	Anxious	195-0.png
2.0	0.0	2.0	0.0	1.0	1.0	1.0	Anxious	195-1.png
2.0	0.0	0.0	2.0	2.0	2.0	6.0	Calm	196-0.png
0.0	0.0	1.0	0.0	1.0	2.0	5.0	Depressed	197-0.png
2.0	0.0	1.0	0.0	1.0	2.0	6.0	Depressed	197-1.png
0.0	0.0	0.0	2.0	1.0	2.0	1.0	Anxious	198-0.png
1.0	0.0	2.0	2.0	2.0	0.0	1.0	Happy	198-1.png
0.0	0.0	2.0	2.0	1.0	2.0	2.0	Calm	199-0.png
0.0	1.0	0.0	2.0	1.0	2.0	2.0	Happy	199-1.png
2.0	1.0	0.0	2.0	1.0	0.0	2.0	Happy	199-2.png
0.0	1.0	2.0	2.0	1.0	0.0	3.0	Anxious	199-3.png
0.0	0.0	1.0	0.0	0.0	0.0	5.0	Depressed	200-0.png
0.0	0.0	2.0	0.0	2.0	1.0	2.0	Depressed	201-0.png
2.0	0.0	2.0	2.0	2.0	2.0	1.0	Calm	202-0.png
2.0	0.0	2.0	0.0	2.0	2.0	1.0	Calm	202-1.png
0.0	0.0	2.0	2.0	2.0	2.0	1.0	Calm	202-2.png
2.0	0.0	2.0	2.0	2.0	2.0	5.0	Calm	202-3.png
2.0	0.0	2.0	0.0	2.0	2.0	1.0	Calm	202-4.png
0.0	1.0	2.0	2.0	2.0	0.0	3.0	Happy	203-0.png
2.0	0.0	2.0	0.0	2.0	0.0	2.0	Happy	203-1.png
0.0	1.0	2.0	2.0	2.0	0.0	2.0	Happy	203-2.png
2.0	1.0	2.0	2.0	2.0	0.0	2.0	Happy	203-3.png
0.0	0.0	2.0	0.0	2.0	0.0	2.0	Happy	203-4.png
0.0	0.0	0.0	2.0	1.0	2.0	3.0	Happy	204-0.png
0.0	1.0	0.0	2.0	1.0	2.0	4.0	Anxious	204-1.png
0.0	1.0	0.0	1.0	1.0	2.0	4.0	Anxious	204-3.png
2.0	0.0	0.0	1.0	1.0	2.0	4.0	Anxious	204-4.png
2.0	1.0	0.0	1.0	2.0	2.0	4.0	Calm	204-5.png
2.0	1.0	0.0	2.0	1.0	2.0	3.0	Happy	205-0.png
2.0	1.0	0.0	2.0	2.0	2.0	3.0	Happy	205-1.png
0.0	1.0	0.0	1.0	2.0	2.0	3.0	Happy	205-2.png
0.0	0.0	0.0	1.0	1.0	2.0	3.0	Anxious	205-3.png
2.0	0.0	0.0	2.0	1.0	2.0	3.0	Happy	205-4.png
0.0	0.0	2.0	2.0	2.0	1.0	4.0	Calm	206-0.png
0.0	1.0	2.0	2.0	2.0	1.0	4.0	Anxious	206-1.png
2.0	1.0	2.0	2.0	1.0	1.0	3.0	Anxious	206-2.png
2.0	0.0	2.0	2.0	2.0	1.0	3.0	Calm	206-3.png
0.0	0.0	0.0	2.0	2.0	1.0	4.0	Happy	206-4.png
2.0	1.0	0.0	1.0	1.0	2.0	1.0	Anxious	207-0.png
0.0	0.0	0.0	1.0	1.0	2.0	1.0	Anxious	207-1.png
2.0	0.0	2.0	2.0	1.0	2.0	2.0	Calm	207-2.png
2.0	1.0	0.0	1.0	1.0	2.0	0.0	Anxious	207-3.png
2.0	1.0	0.0	1.0	1.0	2.0	1.0	Anxious	207-4.png
0.0	1.0	0.0	1.0	1.0	2.0	0.0	Anxious	207-5.png
2.0	1.0	0.0	2.0	1.0	0.0	4.0	Happy	208-0.png
1.0	1.0	0.0	2.0	1.0	0.0	4.0	Happy	208-1.png
2.0	1.0	0.0	2.0	1.0	0.0	4.0	Happy	208-2.png
1.0	1.0	0.0	2.0	1.0	0.0	4.0	Happy	208-3.png
1.0	1.0	0.0	1.0	1.0	0.0	4.0	Anxious	208-4.png
1.0	0.0	0.0	2.0	1.0	2.0	2.0	Happy	209-0.png
2.0	1.0	0.0	2.0	1.0	2.0	2.0	Happy	209-1.png
0.0	0.0	0.0	2.0	1.0	2.0	5.0	Calm	209-2.png
1.0	1.0	0.0	2.0	1.0	2.0	2.0	Happy	209-3.png
2.0	0.0	2.0	2.0	1.0	2.0	2.0	Calm	209-4.png
0.0	0.0	1.0	0.0	2.0	1.0	6.0	Depressed	210-0.png
2.0	0.0	1.0	0.0	2.0	1.0	5.0	Depressed	210-1.png
2.0	0.0	0.0	2.0	2.0	0.0	3.0	Happy	211-0.png
0.0	1.0	0.0	1.0	1.0	0.0	2.0	Anxious	211-1.png
2.0	0.0	1.0	0.0	2.0	2.0	6.0	Depressed	212-0.png
2.0	0.0	1.0	0.0	2.0	2.0	2.0	Calm	212-1.png
2.0	0.0	1.0	0.0	0.0	2.0	6.0	Depressed	212-2.png
1.0	0.0	1.0	0.0	2.0	2.0	2.0	Happy	213-0.png
0.0	0.0	1.0	0.0	2.0	2.0	2.0	Depressed	213-1.png
2.0	0.0	1.0	0.0	2.0	2.0	5.0	Calm	213-2.png
2.0	0.0	1.0	0.0	2.0	0.0	6.0	Depressed	214-0.png
2.0	0.0	1.0	0.0	2.0	0.0	5.0	Calm	214-1.png
0.0	0.0	0.0	2.0	1.0	2.0	6.0	Depressed	215-0.png
2.0	0.0	2.0	2.0	1.0	1.0	6.0	Anxious	215-1.png
1.0	1.0	2.0	2.0	2.0	2.0	2.0	Happy	216-0.png
1.0	0.0	2.0	2.0	2.0	2.0	2.0	Happy	216-1.png
2.0	0.0	2.0	2.0	0.0	0.0	6.0	Calm	217-0.png
0.0	1.0	2.0	2.0	2.0	0.0	2.0	Happy	217-1.png
2.0	0.0	2.0	2.0	2.0	0.0	5.0	Calm	217-2.png
2.0	0.0	2.0	2.0	2.0	1.0	2.0	Calm	218-0.png
0.0	0.0	2.0	0.0	1.0	1.0	1.0	Anxious	219-0.png
2.0	0.0	0.0	2.0	2.0	0.0	6.0	Happy	220-0.png
2.0	0.0	1.0	0.0	0.0	1.0	3.0	Depressed	221-0.png
0.0	0.0	2.0	0.0	0.0	2.0	1.0	Depressed	222-0.png
0.0	0.0	1.0	0.0	2.0	1.0	6.0	Depressed	223-0.png
2.0	1.0	2.0	2.0	0.0	2.0	5.0	Calm	224-0.png
0.0	0.0	2.0	0.0	2.0	2.0	2.0	Calm	225-0.png
0.0	0.0	0.0	2.0	1.0	0.0	3.0	Happy	226-0.png
0.0	0.0	2.0	2.0	0.0	0.0	2.0	Happy	227-0.png
2.0	1.0	2.0	0.0	2.0	2.0	3.0	Calm	228-0.png
2.0	0.0	2.0	2.0	1.0	1.0	6.0	Anxious	229-0.png
2.0	0.0	0.0	2.0	1.0	0.0	5.0	Happy	230-0.png
2.0	0.0	0.0	2.0	1.0	0.0	6.0	Happy	230-1.png
0.0	0.0	2.0	2.0	2.0	2.0	5.0	Calm	231-0.png
0.0	0.0	2.0	2.0	2.0	2.0	6.0	Calm	231-1.png
0.0	0.0	2.0	0.0	2.0	2.0	6.0	Depressed	232-0.png
2.0	0.0	2.0	0.0	0.0	2.0	5.0	Calm	232-1.png
1.0	0.0	2.0	2.0	2.0	2.0	2.0	Happy	233-0.png
1.0	0.0	2.0	2.0	2.0	2.0	2.0	Happy	233-1.png
1.0	0.0	2.0	2.0	1.0	1.0	3.0	Anxious	234-0.png
0.0	0.0	2.0	0.0	1.0	1.0	3.0	Depressed	234-1.png
1.0	1.0	0.0	2.0	1.0	0.0	4.0	Happy	235-0.png
0.0	0.0	0.0	2.0	1.0	0.0	3.0	Happy	235-1.png
1.0	0.0	2.0	0.0	2.0	0.0	5.0	Happy	236-0.png
2.0	0.0	2.0	2.0	1.0	2.0	1.0	Calm	237-0.png
2.0	0.0	2.0	2.0	1.0	2.0	1.0	Calm	237-1.png
0.0	0.0	2.0	2.0	0.0	0.0	6.0	Depressed	238-0.png
1.0	0.0	1.0	0.0	2.0	1.0	3.0	Depressed	239-0.png
0.0	0.0	2.0	0.0	0.0	1.0	3.0	Depressed	239-1.png
2.0	0.0	2.0	0.0	0.0	2.0	2.0	Calm	239-2.png
2.0	1.0	2.0	0.0	2.0	2.0	2.0	Calm	239-3.png
2.0	0.0	2.0	2.0	1.0	2.0	2.0	Calm	240-0.png
0.0	0.0	1.0	0.0	2.0	2.0	5.0	Depressed	240-1.png
2.0	0.0	2.0	0.0	2.0	2.0	6.0	Calm	241-0.png
2.0	0.0	2.0	0.0	2.0	2.0	5.0	Calm	241-1.png
2.0	0.0	2.0	0.0	2.0	2.0	6.0	Calm	241-2.png
0.0	0.0	1.0	0.0	2.0	2.0	6.0	Depressed	241-3.png
2.0	0.0	2.0	2.0	1.0	2.0	2.0	Calm	242-0.png
2.0	0.0	2.0	2.0	1.0	2.0	2.0	Calm	242-1.png
0.0	0.0	0.0	2.0	1.0	2.0	2.0	Happy	242-2.png
2.0	0.0	2.0	2.0	1.0	2.0	3.0	Calm	243-0.png
2.0	0.0	2.0	2.0	1.0	2.0	2.0	Calm	243-1.png
2.0	0.0	2.0	2.0	1.0	2.0	3.0	Calm	243-2.png
2.0	0.0	2.0	2.0	1.0	1.0	6.0	Anxious	244-0.png
1.0	1.0	2.0	2.0	2.0	2.0	2.0	Happy	245-0.png
2.0	0.0	2.0	0.0	2.0	2.0	3.0	Calm	246-0.png
1.0	0.0	2.0	0.0	2.0	2.0	3.0	Happy	246-1.png
2.0	1.0	2.0	0.0	2.0	2.0	3.0	Calm	246-2.png
1.0	0.0	2.0	0.0	2.0	2.0	3.0	Happy	246-3.png
2.0	0.0	2.0	0.0	2.0	0.0	4.0	Calm	247-0.png
2.0	0.0	2.0	0.0	1.0	0.0	4.0	Anxious	247-1.png
1.0	1.0	2.0	0.0	2.0	0.0	4.0	Happy	247-2.png
2.0	0.0	2.0	0.0	1.0	0.0	4.0	Anxious	247-3.png
2.0	0.0	2.0	0.0	1.0	0.0	4.0	Anxious	247-4.png
2.0	0.0	1.0	0.0	2.0	2.0	2.0	Calm	248-0.png
0.0	0.0	1.0	0.0	2.0	2.0	2.0	Depressed	248-1.png
1.0	0.0	2.0	0.0	2.0	0.0	2.0	Happy	248-2.png
2.0	0.0	1.0	0.0	2.0	2.0	2.0	Calm	248-3.png
1.0	0.0	2.0	0.0	2.0	2.0	2.0	Happy	248-4.png
2.0	0.0	0.0	2.0	2.0	0.0	3.0	Happy	249-0.png
2.0	0.0	1.0	0.0	0.0	0.0	2.0	Depressed	250-0.png
2.0	0.0	1.0	0.0	2.0	0.0	2.0	Happy	250-1.png
0.0	0.0	0.0	1.0	1.0	0.0	2.0	Happy	251-0.png
0.0	1.0	2.0	2.0	2.0	0.0	2.0	Happy	252-0.png
2.0	0.0	2.0	2.0	1.0	0.0	6.0	Calm	253-0.png
1.0	1.0	0.0	2.0	2.0	0.0	3.0	Happy	254-0.png
2.0	1.0	2.0	2.0	0.0	0.0	3.0	Happy	254-1.png
1.0	1.0	0.0	2.0	2.0	0.0	3.0	Happy	255-0.png
2.0	1.0	0.0	2.0	1.0	2.0	6.0	Calm	256-0.png
0.0	0.0	0.0	2.0	1.0	2.0	6.0	Depressed	256-1.png
2.0	0.0	2.0	0.0	1.0	1.0	4.0	Anxious	257-0.png
0.0	0.0	1.0	0.0	2.0	1.0	5.0	Depressed	258-0.png
0.0	1.0	0.0	2.0	2.0	0.0	3.0	Happy	259-0.png
0.0	1.0	2.0	2.0	2.0	2.0	3.0	Calm	259-1.png
0.0	0.0	2.0	0.0	2.0	1.0	3.0	Depressed	260-0.png
0.0	0.0	2.0	0.0	2.0	1.0	6.0	Depressed	261-0.png
2.0	1.0	2.0	0.0	0.0	1.0	2.0	Depressed	262-0.png
0.0	0.0	1.0	0.0	0.0	1.0	4.0	Depressed	263-0.png
2.0	0.0	2.0	2.0	1.0	1.0	2.0	Anxious	264-0.png
2.0	0.0	1.0	0.0	2.0	1.0	5.0	Depressed	265-0.png
2.0	0.0	2.0	0.0	2.0	2.0	6.0	Calm	266-0.png
0.0	0.0	0.0	2.0	1.0	0.0	2.0	Happy	267-0.png
2.0	0.0	2.0	0.0	2.0	2.0	3.0	Calm	268-0.png
2.0	0.0	1.0	0.0	2.0	1.0	3.0	Depressed	269-0.png
2.0	0.0	1.0	0.0	2.0	1.0	5.0	Depressed	270-0.png
2.0	1.0	0.0	2.0	1.0	0.0	2.0	Happy	272-0.png
2.0	1.0	0.0	2.0	1.0	0.0	2.0	Happy	272-1.png
0.0	1.0	0.0	2.0	2.0	0.0	2.0	Happy	272-2.png
2.0	1.0	0.0	2.0	1.0	2.0	5.0	Calm	272-3.png
1.0	0.0	1.0	0.0	2.0	0.0	2.0	Happy	273-0.png
2.0	0.0	2.0	0.0	0.0	0.0	2.0	Depressed	273-1.png
2.0	0.0	1.0	0.0	0.0	2.0	2.0	Depressed	273-2.png
2.0	0.0	1.0	0.0	0.0	0.0	2.0	Depressed	273-3.png
2.0	0.0	1.0	0.0	0.0	2.0	2.0	Depressed	273-4.png
0.0	0.0	0.0	2.0	1.0	2.0	6.0	Depressed	274-0.png
2.0	0.0	2.0	2.0	1.0	2.0	5.0	Calm	274-1.png
0.0	1.0	2.0	0.0	1.0	2.0	6.0	Depressed	274-2.png
2.0	0.0	0.0	2.0	1.0	2.0	6.0	Calm	274-3.png
0.0	0.0	1.0	0.0	2.0	1.0	6.0	Depressed	275-0.png
0.0	0.0	2.0	0.0	2.0	1.0	1.0	Depressed	275-1.png
1.0	0.0	2.0	0.0	1.0	1.0	6.0	Depressed	276-0.png
1.0	0.0	1.0	0.0	1.0	1.0	6.0	Depressed	276-1.png
0.0	0.0	2.0	0.0	2.0	2.0	5.0	Calm	277-0.png
0.0	0.0	2.0	2.0	2.0	2.0	1.0	Calm	277-1.png
0.0	0.0	2.0	2.0	1.0	0.0	6.0	Depressed	278-0.png
0.0	0.0	2.0	0.0	1.0	0.0	6.0	Depressed	278-1.png
0.0	0.0	2.0	0.0	2.0	2.0	5.0	Calm	279-0.png
2.0	1.0	2.0	2.0	2.0	2.0	2.0	Calm	279-1.png
2.0	0.0	2.0	2.0	2.0	2.0	2.0	Calm	280-0.png
2.0	0.0	0.0	2.0	2.0	2.0	2.0	Happy	280-1.png
2.0	0.0	1.0	0.0	2.0	1.0	6.0	Depressed	281-0.png
0.0	0.0	1.0	0.0	2.0	0.0	1.0	Depressed	281-1.png
2.0	1.0	0.0	1.0	1.0	2.0	6.0	Anxious	282-0.png
2.0	1.0	0.0	1.0	1.0	2.0	2.0	Anxious	282-1.png
0.0	0.0	1.0	0.0	1.0	0.0	1.0	Depressed	283-0.png
2.0	0.0	1.0	0.0	1.0	0.0	1.0	Anxious	283-1.png
2.0	0.0	1.0	0.0	0.0	1.0	1.0	Depressed	285-0.png
1.0	1.0	2.0	0.0	2.0	1.0	1.0	Anxious	285-1.png
1.0	0.0	2.0	0.0	2.0	1.0	1.0	Anxious	285-2.png
2.0	1.0	2.0	2.0	2.0	1.0	1.0	Anxious	285-3.png
1.0	1.0	2.0	2.0	2.0	1.0	1.0	Anxious	285-4.png
2.0	0.0	0.0	2.0	1.0	0.0	3.0	Happy	286-0.png
0.0	0.0	0.0	2.0	2.0	0.0	3.0	Happy	286-1.png
2.0	0.0	0.0	2.0	2.0	0.0	3.0	Happy	286-2.png
0.0	1.0	0.0	2.0	2.0	0.0	3.0	Happy	286-3.png
2.0	1.0	0.0	2.0	1.0	2.0	1.0	Anxious	287-0.png
2.0	1.0	2.0	2.0	1.0	2.0	1.0	Anxious	287-1.png
2.0	0.0	2.0	2.0	1.0	2.0	1.0	Calm	287-2.png
1.0	0.0	0.0	2.0	1.0	2.0	1.0	Happy	287-3.png
2.0	1.0	2.0	2.0	1.0	2.0	1.0	Anxious	287-4.png
2.0	0.0	2.0	0.0	1.0	2.0	0.0	Calm	288-0.png
0.0	0.0	1.0	0.0	1.0	2.0	0.0	Depressed	288-1.png
2.0	0.0	2.0	0.0	1.0	2.0	0.0	Calm	288-2.png
2.0	1.0	2.0	0.0	1.0	2.0	0.0	Anxious	288-3.png
2.0	1.0	2.0	0.0	1.0	2.0	0.0	Anxious	288-4.png
2.0	1.0	0.0	2.0	2.0	2.0	5.0	Calm	289-0.png
0.0	1.0	0.0	2.0	2.0	0.0	5.0	Happy	289-1.png
2.0	0.0	0.0	2.0	2.0	0.0	1.0	Happy	289-2.png
2.0	0.0	0.0	2.0	2.0	2.0	1.0	Calm	289-3.png
2.0	0.0	0.0	2.0	2.0	2.0	1.0	Calm	289-4.png
1.0	0.0	2.0	2.0	2.0	2.0	3.0	Happy	290-0.png
2.0	0.0	2.0	2.0	1.0	1.0	6.0	Anxious	291-0.png
2.0	0.0	2.0	0.0	1.0	1.0	6.0	Depressed	291-1.png
2.0	0.0	2.0	0.0	1.0	1.0	5.0	Anxious	291-2.png
2.0	0.0	2.0	0.0	1.0	1.0	6.0	Depressed	291-3.png
2.0	0.0	2.0	2.0	2.0	2.0	1.0	Calm	292-0.png
2.0	1.0	2.0	2.0	2.0	2.0	1.0	Calm	292-1.png
2.0	0.0	2.0	2.0	2.0	2.0	1.0	Calm	292-2.png
2.0	1.0	2.0	2.0	2.0	2.0	1.0	Calm	292-3.png
1.0	0.0	2.0	0.0	2.0	2.0	1.0	Calm	292-4.png
2.0	0.0	2.0	0.0	2.0	1.0	2.0	Calm	293-0.png
2.0	0.0	2.0	2.0	1.0	1.0	2.0	Anxious	293-1.png
2.0	0.0	2.0	0.0	1.0	1.0	2.0	Anxious	293-2.png
2.0	0.0	2.0	2.0	2.0	1.0	2.0	Calm	293-3.png
1.0	1.0	2.0	0.0	2.0	1.0	2.0	Anxious	293-4.png
2.0	0.0	0.0	0.0	1.0	0.0	1.0	Anxious	294-0.png
2.0	1.0	0.0	0.0	1.0	0.0	1.0	Anxious	294-1.png
1.0	0.0	0.0	0.0	1.0	0.0	5.0	Happy	294-2.png
2.0	1.0	0.0	0.0	1.0	0.0	5.0	Anxious	294-3.png
2.0	1.0	2.0	2.0	1.0	0.0	5.0	Calm	295-0.png
2.0	0.0	2.0	2.0	1.0	0.0	5.0	Calm	295-1.png
2.0	1.0	0.0	1.0	2.0	0.0	2.0	Happy	296-0.png
2.0	1.0	0.0	1.0	2.0	0.0	2.0	Happy	296-1.png
0.0	1.0	0.0	1.0	1.0	0.0	2.0	Anxious	296-2.png
0.0	0.0	2.0	2.0	2.0	0.0	2.0	Happy	297-0.png
0.0	0.0	2.0	0.0	2.0	0.0	2.0	Happy	297-1.png
0.0	0.0	2.0	0.0	2.0	0.0	2.0	Happy	297-2.png
2.0	1.0	1.0	0.0	0.0	0.0	3.0	Depressed	298-0.png
2.0	0.0	1.0	0.0	0.0	0.0	3.0	Depressed	298-1.png
2.0	0.0	2.0	0.0	0.0	0.0	3.0	Depressed	298-2.png
2.0	0.0	0.0	2.0	2.0	0.0	3.0	Happy	299-0.png
2.0	0.0	0.0	1.0	1.0	0.0	3.0	Happy	299-1.png
2.0	0.0	0.0	1.0	1.0	0.0	3.0	Happy	299-2.png
0.0	0.0	2.0	2.0	2.0	0.0	2.0	Happy	300-0.png
0.0	0.0	2.0	2.0	2.0	0.0	2.0	Happy	300-1.png
2.0	0.0	2.0	2.0	2.0	0.0	6.0	Calm	300-2.png
2.0	1.0	0.0	2.0	1.0	0.0	3.0	Happy	301-0.png
1.0	1.0	0.0	1.0	1.0	0.0	2.0	Happy	301-1.png
2.0	0.0	0.0	2.0	1.0	0.0	1.0	Happy	302-0.png
2.0	1.0	0.0	2.0	1.0	2.0	5.0	Calm	303-0.png
0.0	0.0	2.0	0.0	1.0	0.0	2.0	Depressed	304-0.png
2.0	0.0	0.0	2.0	1.0	2.0	1.0	Calm	305-0.png
0.0	0.0	2.0	2.0	1.0	2.0	3.0	Calm	307-0.png
0.0	0.0	0.0	2.0	1.0	0.0	4.0	Happy	308-0.png
2.0	1.0	0.0	1.0	1.0	0.0	3.0	Anxious	310-0.png
2.0	1.0	2.0	0.0	2.0	1.0	3.0	Anxious	312-0.png
0.0	0.0	0.0	1.0	1.0	2.0	2.0	Anxious	313-0.png
0.0	1.0	0.0	1.0	1.0	2.0	4.0	Anxious	314-0.png
2.0	1.0	2.0	2.0	2.0	2.0	3.0	Calm	315-0.png
2.0	1.0	2.0	2.0	1.0	2.0	2.0	Calm	315-1.png
2.0	0.0	2.0	2.0	1.0	2.0	3.0	Calm	315-2.png
0.0	0.0	0.0	2.0	1.0	2.0	3.0	Happy	315-3.png
0.0	0.0	2.0	2.0	2.0	2.0	3.0	Calm	315-4.png
2.0	0.0	2.0	0.0	1.0	2.0	3.0	Calm	315-5.png
0.0	0.0	2.0	2.0	1.0	2.0	3.0	Calm	315-6.png
2.0	1.0	0.0	1.0	2.0	1.0	6.0	Anxious	316-0.png
0.0	0.0	1.0	0.0	0.0	1.0	6.0	Depressed	317-0.png
2.0	0.0	1.0	0.0	0.0	2.0	1.0	Depressed	318-0.png
1.0	1.0	0.0	2.0	0.0	0.0	5.0	Happy	319-0.png
2.0	0.0	2.0	2.0	1.0	0.0	1.0	Anxious	320-0.png
2.0	0.0	0.0	2.0	2.0	0.0	1.0	Happy	320-1.png
2.0	0.0	1.0	0.0	2.0	1.0	5.0	Depressed	321-0.png
2.0	0.0	1.0	0.0	2.0	2.0	1.0	Calm	321-1.png
2.0	0.0	2.0	2.0	2.0	1.0	6.0	Calm	322-0.png
0.0	1.0	0.0	2.0	2.0	1.0	2.0	Happy	323-0.png
2.0	0.0	1.0	0.0	2.0	2.0	1.0	Calm	324-0.png
2.0	1.0	1.0	0.0	2.0	2.0	1.0	Anxious	324-1.png
1.0	1.0	2.0	2.0	1.0	1.0	5.0	Anxious	325-0.png
0.0	1.0	0.0	2.0	1.0	1.0	6.0	Depressed	325-1.png
2.0	0.0	1.0	0.0	1.0	2.0	6.0	Depressed	326-0.png
2.0	0.0	1.0	0.0	2.0	1.0	2.0	Depressed	327-0.png
2.0	1.0	2.0	0.0	0.0	2.0	0.0	Depressed	328-0.png
2.0	0.0	2.0	0.0	0.0	2.0	0.0	Depressed	328-1.png
2.0	0.0	0.0	2.0	1.0	0.0	5.0	Happy	329-0.png
2.0	0.0	2.0	2.0	2.0	0.0	6.0	Calm	329-1.png
0.0	0.0	2.0	0.0	2.0	0.0	5.0	Calm	330-0.png
0.0	0.0	1.0	0.0	0.0	0.0	6.0	Depressed	330-1.png
2.0	0.0	1.0	0.0	2.0	0.0	6.0	Depressed	330-2.png
2.0	0.0	2.0	0.0	2.0	0.0	6.0	Calm	330-3.png
2.0	0.0	0.0	2.0	1.0	0.0	2.0	Happy	331-0.png
2.0	1.0	2.0	2.0	2.0	2.0	3.0	Calm	332-0.png
2.0	0.0	1.0	0.0	2.0	2.0	3.0	Calm	332-1.png
2.0	0.0	2.0	0.0	2.0	2.0	3.0	Calm	332-2.png
2.0	0.0	2.0	0.0	2.0	2.0	3.0	Calm	332-3.png
2.0	0.0	2.0	0.0	2.0	2.0	3.0	Calm	332-4.png
0.0	0.0	2.0	0.0	2.0	2.0	3.0	Calm	332-5.png
1.0	0.0	2.0	0.0	2.0	2.0	3.0	Happy	332-6.png
2.0	0.0	1.0	0.0	2.0	2.0	3.0	Calm	332-7.png
1.0	1.0	0.0	2.0	1.0	0.0	6.0	Happy	333-0.png
0.0	1.0	0.0	2.0	2.0	0.0	5.0	Happy	333-1.png
2.0	0.0	0.0	2.0	2.0	0.0	1.0	Happy	333-2.png
2.0	1.0	0.0	2.0	2.0	0.0	5.0	Happy	333-3.png
2.0	0.0	0.0	2.0	2.0	0.0	6.0	Happy	333-4.png
2.0	0.0	0.0	2.0	2.0	0.0	6.0	Happy	333-5.png
2.0	1.0	2.0	2.0	2.0	0.0	6.0	Calm	333-6.png
0.0	0.0	2.0	2.0	2.0	0.0	5.0	Calm	333-7.png
2.0	0.0	2.0	2.0	2.0	0.0	6.0	Calm	333-8.png
0.0	0.0	1.0	0.0	0.0	2.0	6.0	Depressed	334-0.png
1.0	0.0	1.0	0.0	0.0	2.0	6.0	Depressed	334-1.png
0.0	0.0	1.0	0.0	0.0	2.0	6.0	Depressed	334-2.png
2.0	0.0	1.0	0.0	2.0	2.0	6.0	Depressed	334-3.png
0.0	0.0	1.0	0.0	0.0	2.0	6.0	Depressed	334-4.png
0.0	0.0	1.0	0.0	0.0	2.0	6.0	Depressed	334-5.png
2.0	0.0	1.0	0.0	0.0	2.0	6.0	Depressed	334-6.png
2.0	0.0	1.0	0.0	0.0	2.0	5.0	Depressed	334-7.png
2.0	0.0	1.0	0.0	0.0	2.0	6.0	Depressed	334-8.png
0.0	0.0	2.0	2.0	2.0	0.0	2.0	Happy	335-0.png
0.0	0.0	2.0	2.0	2.0	0.0	2.0	Happy	335-1.png
0.0	0.0	2.0	0.0	2.0	0.0	2.0	Happy	335-2.png
0.0	0.0	2.0	0.0	2.0	0.0	2.0	Happy	335-3.png
0.0	0.0	2.0	2.0	2.0	0.0	2.0	Happy	335-4.png
0.0	0.0	2.0	2.0	1.0	0.0	2.0	Happy	335-5.png
0.0	0.0	2.0	0.0	2.0	0.0	2.0	Happy	335-6.png
2.0	0.0	2.0	0.0	2.0	0.0	2.0	Happy	335-7.png
2.0	0.0	2.0	2.0	1.0	0.0	5.0	Calm	336-0.png
0.0	0.0	2.0	2.0	1.0	0.0	6.0	Depressed	336-1.png
0.0	0.0	2.0	2.0	1.0	0.0	6.0	Depressed	336-2.png
2.0	0.0	2.0	2.0	1.0	0.0	6.0	Calm	336-3.png
0.0	0.0	2.0	2.0	1.0	0.0	5.0	Calm	336-4.png
0.0	0.0	2.0	2.0	1.0	0.0	5.0	Calm	336-5.png
2.0	0.0	2.0	2.0	1.0	0.0	6.0	Calm	336-6.png
0.0	0.0	2.0	2.0	1.0	0.0	6.0	Depressed	336-7.png
2.0	0.0	2.0	2.0	1.0	0.0	5.0	Calm	336-8.png
2.0	1.0	1.0	0.0	2.0	1.0	1.0	Anxious	337-0.png
0.0	0.0	1.0	0.0	2.0	1.0	0.0	Depressed	337-1.png
2.0	0.0	1.0	0.0	2.0	1.0	1.0	Depressed	337-2.png
0.0	0.0	2.0	0.0	1.0	1.0	0.0	Depressed	337-3.png
2.0	1.0	2.0	0.0	2.0	1.0	0.0	Depressed	337-4.png
0.0	0.0	2.0	0.0	2.0	1.0	0.0	Depressed	337-5.png
0.0	0.0	1.0	0.0	2.0	1.0	1.0	Depressed	337-6.png
0.0	0.0	1.0	0.0	2.0	1.0	0.0	Depressed	337-7.png
0.0	0.0	2.0	0.0	2.0	2.0	0.0	Depressed	337-8.png
2.0	1.0	2.0	2.0	1.0	2.0	2.0	Calm	338-0.png
2.0	0.0	2.0	2.0	1.0	2.0	2.0	Calm	338-1.png
0.0	0.0	0.0	2.0	1.0	2.0	3.0	Happy	338-2.png
0.0	0.0	2.0	2.0	1.0	2.0	2.0	Calm	338-3.png
0.0	1.0	2.0	2.0	1.0	2.0	2.0	Anxious	338-4.png
0.0	0.0	2.0	2.0	1.0	2.0	3.0	Calm	338-5.png
2.0	0.0	2.0	2.0	1.0	2.0	2.0	Calm	338-6.png
0.0	1.0	2.0	2.0	1.0	2.0	2.0	Anxious	338-7.png
2.0	0.0	2.0	2.0	1.0	2.0	2.0	Calm	338-8.png
0.0	0.0	2.0	0.0	2.0	2.0	6.0	Depressed	339-0.png
0.0	0.0	2.0	0.0	2.0	2.0	6.0	Depressed	339-1.png
0.0	0.0	2.0	0.0	2.0	2.0	6.0	Depressed	339-2.png
2.0	0.0	1.0	0.0	2.0	0.0	2.0	Happy	339-3.png
0.0	0.0	2.0	0.0	2.0	2.0	5.0	Calm	339-4.png
0.0	0.0	2.0	0.0	2.0	2.0	6.0	Depressed	339-5.png
2.0	0.0	2.0	2.0	2.0	2.0	6.0	Calm	339-6.png
0.0	0.0	2.0	0.0	2.0	2.0	6.0	Depressed	339-7.png
0.0	0.0	2.0	0.0	2.0	2.0	6.0	Depressed	339-8.png
2.0	0.0	2.0	0.0	2.0	2.0	6.0	Calm	339-9.png
2.0	0.0	2.0	0.0	2.0	0.0	2.0	Happy	340-0.png
0.0	0.0	2.0	0.0	2.0	0.0	2.0	Happy	340-1.png
2.0	0.0	2.0	0.0	2.0	0.0	2.0	Happy	340-2.png
2.0	0.0	2.0	0.0	2.0	0.0	2.0	Happy	340-3.png
2.0	0.0	2.0	0.0	2.0	0.0	2.0	Happy	340-4.png
2.0	0.0	1.0	0.0	2.0	0.0	2.0	Happy	340-5.png
0.0	0.0	2.0	0.0	2.0	0.0	2.0	Happy	340-6.png
2.0	0.0	2.0	0.0	2.0	0.0	2.0	Happy	340-7.png
2.0	1.0	0.0	2.0	1.0	2.0	3.0	Happy	341-0.png
0.0	1.0	0.0	2.0	1.0	2.0	3.0	Happy	341-2.png
0.0	0.0	0.0	2.0	1.0	2.0	3.0	Happy	341-3.png
2.0	1.0	0.0	2.0	2.0	2.0	3.0	Happy	341-4.png
2.0	1.0	0.0	2.0	1.0	2.0	3.0	Happy	341-5.png
2.0	0.0	0.0	2.0	2.0	2.0	2.0	Happy	341-6.png
0.0	0.0	0.0	2.0	2.0	2.0	3.0	Happy	341-7.png
2.0	1.0	0.0	2.0	2.0	2.0	3.0	Happy	341-8.png
2.0	0.0	0.0	2.0	2.0	2.0	3.0	Happy	341-9.png
2.0	0.0	2.0	2.0	2.0	0.0	1.0	Calm	342-0.png
2.0	0.0	2.0	0.0	2.0	0.0	1.0	Calm	342-1.png
2.0	0.0	2.0	2.0	2.0	0.0	1.0	Calm	342-2.png
2.0	0.0	2.0	2.0	2.0	0.0	1.0	Calm	342-3.png
2.0	0.0	2.0	2.0	2.0	0.0	1.0	Calm	342-4.png
2.0	0.0	2.0	2.0	2.0	0.0	1.0	Calm	342-5.png
0.0	0.0	2.0	2.0	2.0	0.0	1.0	Happy	342-6.png
2.0	0.0	2.0	2.0	2.0	0.0	1.0	Calm	342-7.png
2.0	0.0	2.0	2.0	2.0	0.0	1.0	Calm	342-8.png
0.0	0.0	1.0	0.0	2.0	1.0	2.0	Depressed	343-0.png
0.0	0.0	1.0	0.0	2.0	1.0	2.0	Depressed	343-1.png
0.0	0.0	1.0	0.0	2.0	1.0	2.0	Depressed	343-2.png
2.0	0.0	1.0	0.0	2.0	1.0	2.0	Depressed	343-3.png
2.0	0.0	1.0	0.0	0.0	1.0	2.0	Depressed	343-4.png
0.0	0.0	1.0	0.0	2.0	1.0	2.0	Depressed	343-5.png
0.0	0.0	1.0	0.0	2.0	1.0	2.0	Depressed	343-6.png
2.0	0.0	1.0	0.0	2.0	1.0	2.0	Depressed	343-7.png
0.0	0.0	1.0	0.0	2.0	2.0	2.0	Depressed	343-8.png
2.0	1.0	2.0	2.0	1.0	0.0	3.0	Anxious	344-0.png
2.0	1.0	2.0	2.0	1.0	0.0	3.0	Anxious	344-1.png
2.0	0.0	2.0	0.0	2.0	0.0	3.0	Happy	344-10.png
0.0	1.0	2.0	2.0	1.0	0.0	3.0	Anxious	344-2.png
0.0	1.0	2.0	2.0	1.0	0.0	3.0	Anxious	344-3.png
1.0	1.0	2.0	2.0	2.0	0.0	3.0	Happy	344-4.png
2.0	0.0	2.0	0.0	2.0	0.0	3.0	Happy	344-5.png
2.0	1.0	0.0	2.0	1.0	1.0	4.0	Anxious	344-6.png
1.0	0.0	0.0	2.0	1.0	1.0	4.0	Happy	344-7.png
2.0	0.0	2.0	0.0	2.0	0.0	3.0	Happy	344-8.png
0.0	1.0	2.0	0.0	2.0	0.0	3.0	Happy	344-9.png
2.0	1.0	0.0	2.0	1.0	1.0	4.0	Anxious	345-0.png
1.0	1.0	0.0	2.0	1.0	1.0	4.0	Anxious	345-1.png
2.0	0.0	0.0	2.0	1.0	1.0	4.0	Anxious	345-2.png
2.0	1.0	0.0	2.0	1.0	1.0	4.0	Anxious	345-3.png
2.0	0.0	0.0	2.0	1.0	1.0	4.0	Anxious	345-4.png
2.0	0.0	2.0	2.0	1.0	1.0	4.0	Anxious	345-5.png
2.0	1.0	0.0	2.0	1.0	1.0	4.0	Anxious	345-6.png
0.0	1.0	0.0	2.0	1.0	1.0	4.0	Anxious	346-0.png
0.0	0.0	0.0	2.0	1.0	1.0	4.0	Depressed	346-1.png
0.0	0.0	0.0	2.0	1.0	1.0	4.0	Depressed	346-2.png
0.0	0.0	0.0	2.0	1.0	1.0	4.0	Depressed	346-3.png
0.0	1.0	0.0	2.0	2.0	1.0	4.0	Happy	346-4.png
0.0	0.0	0.0	2.0	1.0	1.0	4.0	Depressed	346-5.png
2.0	0.0	0.0	2.0	1.0	1.0	4.0	Anxious	346-6.png
0.0	0.0	0.0	2.0	1.0	1.0	4.0	Depressed	346-7.png
2.0	0.0	0.0	2.0	2.0	2.0	4.0	Calm	346-8.png
2.0	1.0	0.0	2.0	1.0	1.0	5.0	Anxious	347-0.png
0.0	0.0	2.0	2.0	1.0	1.0	5.0	Anxious	347-1.png
2.0	0.0	2.0	2.0	1.0	1.0	5.0	Calm	347-2.png
2.0	0.0	0.0	2.0	1.0	1.0	5.0	Calm	347-3.png
2.0	1.0	2.0	2.0	1.0	1.0	5.0	Anxious	347-4.png
0.0	0.0	0.0	2.0	1.0	1.0	6.0	Depressed	347-5.png
0.0	0.0	0.0	2.0	1.0	1.0	6.0	Depressed	347-6.png
0.0	0.0	0.0	2.0	1.0	1.0	5.0	Depressed	347-7.png
2.0	0.0	2.0	2.0	1.0	1.0	5.0	Calm	347-8.png
2.0	0.0	2.0	2.0	1.0	2.0	1.0	Calm	348-0.png
2.0	0.0	2.0	0.0	1.0	2.0	1.0	Anxious	348-1.png
2.0	1.0	2.0	2.0	1.0	2.0	1.0	Anxious	348-2.png
2.0	0.0	2.0	2.0	1.0	2.0	1.0	Calm	348-3.png
2.0	0.0	2.0	0.0	2.0	2.0	1.0	Calm	348-4.png
2.0	1.0	2.0	0.0	2.0	2.0	1.0	Calm	348-5.png
2.0	0.0	2.0	0.0	1.0	2.0	1.0	Anxious	348-6.png
2.0	0.0	2.0	0.0	1.0	2.0	1.0	Anxious	348-7.png
0.0	0.0	2.0	0.0	1.0	2.0	1.0	Anxious	348-8.png
0.0	0.0	1.0	0.0	0.0	1.0	5.0	Depressed	349-0.png
0.0	0.0	1.0	0.0	0.0	1.0	5.0	Depressed	349-1.png
2.0	0.0	1.0	0.0	0.0	1.0	5.0	Depressed	349-2.png
2.0	0.0	1.0	0.0	0.0	1.0	6.0	Depressed	349-3.png
2.0	0.0	1.0	0.0	0.0	1.0	5.0	Depressed	349-4.png
2.0	0.0	1.0	0.0	0.0	1.0	5.0	Depressed	349-5.png
0.0	0.0	1.0	0.0	0.0	1.0	5.0	Depressed	349-6.png
2.0	0.0	1.0	0.0	0.0	1.0	5.0	Depressed	349-7.png
2.0	0.0	1.0	0.0	0.0	1.0	6.0	Depressed	349-8.png
2.0	1.0	1.0	0.0	1.0	2.0	4.0	Anxious	350-0.png
2.0	1.0	1.0	0.0	1.0	2.0	4.0	Anxious	350-1.png
2.0	0.0	1.0	0.0	1.0	2.0	4.0	Depressed	350-2.png
2.0	1.0	1.0	0.0	1.0	2.0	4.0	Anxious	350-3.png
2.0	0.0	2.0	2.0	1.0	2.0	1.0	Calm	351-0.png
2.0	1.0	2.0	2.0	1.0	2.0	1.0	Anxious	351-1.png
2.0	1.0	2.0	2.0	1.0	2.0	1.0	Anxious	351-2.png
2.0	1.0	2.0	2.0	1.0	2.0	1.0	Anxious	351-3.png
0.0	0.0	2.0	2.0	1.0	2.0	1.0	Anxious	351-4.png
2.0	0.0	2.0	2.0	1.0	2.0	3.0	Calm	352-0.png
2.0	0.0	2.0	2.0	0.0	2.0	3.0	Calm	352-1.png
2.0	0.0	2.0	2.0	1.0	2.0	3.0	Calm	352-2.png
1.0	0.0	2.0	2.0	2.0	2.0	3.0	Happy	352-3.png
0.0	0.0	2.0	0.0	2.0	2.0	3.0	Calm	352-4.png
2.0	0.0	2.0	2.0	2.0	2.0	6.0	Calm	353-0.png
2.0	0.0	2.0	0.0	1.0	0.0	5.0	Calm	353-1.png
2.0	1.0	2.0	2.0	1.0	0.0	2.0	Anxious	353-2.png
2.0	1.0	2.0	2.0	1.0	0.0	2.0	Anxious	353-3.png
1.0	0.0	2.0	2.0	1.0	0.0	2.0	Happy	353-4.png
2.0	1.0	0.0	2.0	2.0	2.0	5.0	Calm	354-0.png
1.0	0.0	2.0	2.0	0.0	1.0	5.0	Calm	354-1.png
2.0	1.0	0.0	2.0	2.0	2.0	1.0	Calm	354-2.png
2.0	1.0	2.0	2.0	2.0	1.0	1.0	Anxious	354-3.png
2.0	1.0	2.0	2.0	2.0	1.0	1.0	Anxious	354-4.png
2.0	0.0	2.0	0.0	1.0	2.0	4.0	Calm	355-0.png
2.0	0.0	2.0	0.0	1.0	0.0	5.0	Calm	355-1.png
2.0	1.0	1.0	0.0	1.0	0.0	4.0	Anxious	355-2.png
2.0	1.0	1.0	0.0	1.0	0.0	4.0	Anxious	355-3.png
2.0	0.0	2.0	0.0	1.0	0.0	4.0	Anxious	355-4.png
0.0	0.0	0.0	2.0	1.0	0.0	3.0	Happy	356-0.png
0.0	0.0	0.0	2.0	1.0	0.0	3.0	Happy	356-1.png
2.0	1.0	2.0	2.0	2.0	0.0	2.0	Happy	357-0.png
2.0	1.0	2.0	2.0	1.0	0.0	2.0	Anxious	357-1.png
2.0	1.0	2.0	0.0	2.0	0.0	2.0	Happy	357-2.png
0.0	0.0	2.0	2.0	1.0	0.0	2.0	Happy	359-0.png
0.0	1.0	0.0	2.0	1.0	0.0	2.0	Happy	360-0.png
1.0	0.0	0.0	1.0	1.0	0.0	5.0	Happy	361-0.png
2.0	0.0	2.0	0.0	1.0	1.0	2.0	Anxious	362-0.png
2.0	0.0	2.0	0.0	2.0	1.0	5.0	Calm	363-0.png
0.0	0.0	0.0	1.0	1.0	2.0	1.0	Anxious	364-0.png
0.0	0.0	0.0	2.0	1.0	1.0	6.0	Depressed	364-1.png
2.0	1.0	2.0	2.0	2.0	1.0	3.0	Calm	365-0.png
2.0	0.0	2.0	0.0	2.0	2.0	5.0	Calm	366-0.png
0.0	1.0	2.0	0.0	2.0	2.0	1.0	Anxious	367-0.png
2.0	0.0	1.0	0.0	2.0	1.0	4.0	Depressed	368-0.png
2.0	1.0	2.0	0.0	2.0	2.0	6.0	Calm	369-0.png
2.0	0.0	2.0	2.0	1.0	2.0	1.0	Calm	370-0.png
2.0	0.0	1.0	0.0	0.0	2.0	3.0	Depressed	371-0.png
2.0	0.0	0.0	2.0	2.0	2.0	4.0	Calm	372-0.png
2.0	0.0	2.0	0.0	2.0	0.0	4.0	Calm	373-0.png
0.0	1.0	1.0	0.0	2.0	1.0	2.0	Depressed	375-0.png
0.0	0.0	2.0	2.0	0.0	0.0	6.0	Depressed	376-0.png
2.0	1.0	2.0	0.0	2.0	2.0	6.0	Calm	377-0.png
2.0	0.0	1.0	0.0	2.0	2.0	6.0	Depressed	378-0.png
2.0	0.0	1.0	0.0	2.0	1.0	1.0	Depressed	379-0.png
0.0	0.0	2.0	0.0	2.0	1.0	1.0	Depressed	379-1.png
2.0	1.0	2.0	0.0	2.0	2.0	3.0	Calm	380-0.png
2.0	1.0	2.0	0.0	1.0	2.0	3.0	Anxious	380-1.png
2.0	1.0	0.0	1.0	1.0	0.0	3.0	Anxious	382-0.png
0.0	1.0	0.0	2.0	2.0	0.0	3.0	Happy	382-1.png
2.0	0.0	1.0	0.0	1.0	2.0	0.0	Depressed	383-0.png
1.0	1.0	2.0	2.0	1.0	2.0	0.0	Anxious	383-1.png
2.0	1.0	2.0	2.0	2.0	1.0	2.0	Calm	384-0.png
0.0	1.0	0.0	2.0	2.0	1.0	2.0	Happy	384-1.png
2.0	1.0	2.0	2.0	0.0	1.0	6.0	Depressed	384-2.png
2.0	1.0	0.0	2.0	2.0	1.0	2.0	Happy	384-3.png
0.0	1.0	2.0	2.0	2.0	1.0	2.0	Anxious	384-4.png
0.0	0.0	2.0	2.0	2.0	1.0	2.0	Happy	384-5.png
0.0	1.0	2.0	2.0	2.0	1.0	6.0	Depressed	384-6.png
0.0	1.0	2.0	2.0	2.0	1.0	2.0	Anxious	384-7.png
2.0	0.0	2.0	0.0	2.0	1.0	5.0	Calm	384-8.png
0.0	1.0	0.0	2.0	1.0	1.0	6.0	Depressed	384-9.png
1.0	1.0	0.0	2.0	1.0	0.0	3.0	Happy	385-0.png
2.0	0.0	0.0	2.0	1.0	0.0	3.0	Happy	385-1.png
2.0	1.0	0.0	2.0	2.0	0.0	3.0	Happy	385-2.png
2.0	0.0	0.0	2.0	1.0	0.0	3.0	Happy	385-3.png
2.0	0.0	0.0	2.0	1.0	0.0	3.0	Happy	385-4.png
1.0	0.0	2.0	2.0	1.0	1.0	4.0	Anxious	386-0.png
0.0	0.0	2.0	2.0	2.0	1.0	4.0	Calm	386-1.png
2.0	0.0	2.0	2.0	1.0	1.0	4.0	Anxious	386-3.png
2.0	0.0	2.0	0.0	1.0	1.0	4.0	Anxious	386-4.png
2.0	0.0	2.0	2.0	1.0	1.0	4.0	Anxious	386-5.png
1.0	0.0	2.0	2.0	2.0	2.0	3.0	Happy	387-0.png
2.0	1.0	2.0	0.0	2.0	2.0	4.0	Calm	387-1.png
2.0	0.0	2.0	2.0	2.0	0.0	3.0	Happy	387-2.png
2.0	1.0	2.0	0.0	2.0	2.0	3.0	Calm	387-3.png
2.0	1.0	2.0	2.0	2.0	0.0	3.0	Happy	387-4.png
1.0	1.0	1.0	0.0	2.0	1.0	4.0	Depressed	388-0.png
1.0	1.0	1.0	0.0	2.0	1.0	4.0	Depressed	388-1.png
1.0	1.0	1.0	0.0	2.0	1.0	4.0	Depressed	388-2.png
1.0	1.0	2.0	0.0	2.0	2.0	1.0	Anxious	389-0.png
2.0	1.0	2.0	0.0	1.0	2.0	1.0	Anxious	389-1.png
2.0	1.0	2.0	0.0	1.0	2.0	1.0	Anxious	389-2.png
0.0	0.0	2.0	2.0	1.0	2.0	1.0	Anxious	389-4.png
2.0	1.0	2.0	0.0	1.0	2.0	1.0	Anxious	389-5.png
2.0	1.0	0.0	2.0	1.0	2.0	2.0	Happy	390-0.png
1.0	0.0	0.0	2.0	1.0	2.0	2.0	Happy	390-1.png
2.0	0.0	0.0	2.0	1.0	2.0	2.0	Happy	390-2.png
1.0	0.0	0.0	2.0	1.0	2.0	2.0	Happy	390-3.png
1.0	1.0	0.0	2.0	2.0	2.0	2.0	Happy	390-4.png
2.0	0.0	2.0	0.0	2.0	2.0	3.0	Calm	391-0.png
1.0	0.0	2.0	0.0	2.0	2.0	3.0	Happy	391-1.png
1.0	1.0	2.0	0.0	2.0	2.0	3.0	Happy	391-2.png
1.0	0.0	1.0	0.0	2.0	2.0	3.0	Happy	391-3.png
2.0	0.0	2.0	0.0	2.0	2.0	3.0	Calm	391-4.png
1.0	1.0	0.0	2.0	1.0	0.0	2.0	Happy	392-0.png
1.0	1.0	0.0	2.0	2.0	0.0	2.0	Happy	392-1.png
1.0	0.0	0.0	2.0	1.0	0.0	2.0	Happy	392-2.png
1.0	1.0	0.0	2.0	1.0	0.0	2.0	Happy	392-3.png
2.0	0.0	2.0	2.0	2.0	0.0	2.0	Happy	393-0.png
2.0	0.0	2.0	2.0	1.0	0.0	2.0	Happy	393-1.png
2.0	0.0	2.0	0.0	2.0	0.0	6.0	Calm	393-2.png
1.0	0.0	2.0	0.0	2.0	0.0	6.0	Happy	393-3.png
2.0	0.0	2.0	0.0	2.0	0.0	6.0	Calm	393-4.png
2.0	0.0	1.0	0.0	0.0	2.0	3.0	Depressed	394-0.png
0.0	0.0	1.0	0.0	0.0	2.0	3.0	Depressed	394-1.png
0.0	1.0	1.0	0.0	2.0	1.0	5.0	Depressed	395-0.png
2.0	0.0	1.0	2.0	2.0	1.0	4.0	Calm	396-0.png
2.0	1.0	2.0	2.0	1.0	0.0	3.0	Anxious	397-0.png
2.0	1.0	2.0	2.0	1.0	1.0	4.0	Anxious	398-0.png
0.0	0.0	2.0	0.0	2.0	1.0	1.0	Depressed	399-0.png
2.0	1.0	0.0	2.0	1.0	1.0	2.0	Anxious	400-0.png
2.0	0.0	1.0	0.0	2.0	1.0	0.0	Depressed	401-0.png
0.0	0.0	0.0	2.0	1.0	2.0	2.0	Happy	402-0.png
0.0	0.0	2.0	2.0	2.0	2.0	6.0	Calm	403-0.png
2.0	1.0	2.0	2.0	2.0	2.0	6.0	Calm	403-1.png
2.0	0.0	2.0	0.0	2.0	2.0	5.0	Calm	404-0.png
0.0	0.0	2.0	0.0	2.0	2.0	1.0	Calm	405-0.png
2.0	0.0	2.0	0.0	2.0	2.0	1.0	Calm	405-1.png
2.0	1.0	2.0	2.0	1.0	1.0	1.0	Anxious	406-0.png
2.0	0.0	1.0	0.0	0.0	1.0	6.0	Depressed	407-0.png
2.0	0.0	1.0	0.0	2.0	2.0	6.0	Depressed	408-0.png
2.0	0.0	1.0	0.0	2.0	2.0	5.0	Calm	408-1.png
0.0	1.0	0.0	2.0	1.0	2.0	2.0	Happy	409-0.png
0.0	1.0	0.0	1.0	1.0	2.0	2.0	Anxious	409-1.png
0.0	1.0	1.0	0.0	2.0	1.0	5.0	Depressed	410-0.png
0.0	0.0	1.0	0.0	0.0	2.0	2.0	Depressed	411-0.png
0.0	1.0	0.0	2.0	2.0	2.0	2.0	Happy	412-0.png
2.0	0.0	1.0	0.0	2.0	1.0	5.0	Depressed	413-0.png
2.0	0.0	2.0	2.0	2.0	0.0	6.0	Calm	414-0.png
0.0	0.0	2.0	2.0	2.0	0.0	6.0	Happy	414-1.png
0.0	1.0	2.0	0.0	0.0	1.0	2.0	Depressed	415-0.png
0.0	1.0	2.0	2.0	0.0	1.0	2.0	Depressed	415-1.png
2.0	0.0	2.0	0.0	0.0	1.0	2.0	Depressed	415-2.png
0.0	1.0	2.0	0.0	0.0	1.0	2.0	Depressed	415-3.png
2.0	1.0	2.0	0.0	0.0	1.0	2.0	Depressed	415-4.png
2.0	1.0	2.0	2.0	2.0	1.0	2.0	Calm	415-5.png
0.0	1.0	2.0	0.0	0.0	1.0	3.0	Depressed	415-6.png
1.0	1.0	0.0	2.0	1.0	0.0	2.0	Happy	416-0.png
0.0	0.0	1.0	0.0	0.0	2.0	3.0	Depressed	417-0.png
0.0	0.0	2.0	2.0	2.0	2.0	3.0	Calm	418-0.png
2.0	1.0	0.0	1.0	1.0	1.0	3.0	Anxious	419-0.png
2.0	0.0	1.0	0.0	2.0	1.0	4.0	Depressed	420-0.png
2.0	0.0	1.0	0.0	2.0	2.0	4.0	Calm	420-1.png
2.0	0.0	2.0	0.0	2.0	1.0	3.0	Calm	421-0.png
1.0	1.0	0.0	1.0	1.0	1.0	1.0	Anxious	422-0.png
0.0	0.0	0.0	1.0	1.0	2.0	2.0	Anxious	423-0.png
2.0	0.0	0.0	2.0	1.0	1.0	6.0	Depressed	424-0.png
2.0	0.0	2.0	0.0	2.0	1.0	3.0	Calm	425-0.png
2.0	0.0	2.0	2.0	1.0	2.0	3.0	Calm	426-0.png
0.0	1.0	2.0	0.0	2.0	2.0	2.0	Calm	427-0.png
0.0	0.0	2.0	0.0	2.0	1.0	1.0	Depressed	428-0.png
2.0	0.0	0.0	2.0	2.0	2.0	6.0	Calm	429-0.png
2.0	1.0	0.0	2.0	2.0	1.0	1.0	Anxious	430-0.png
2.0	1.0	2.0	2.0	1.0	2.0	4.0	Calm	431-0.png
2.0	0.0	1.0	0.0	2.0	1.0	4.0	Depressed	432-0.png
2.0	0.0	2.0	0.0	2.0	1.0	3.0	Calm	433-0.png
2.0	1.0	1.0	0.0	2.0	2.0	3.0	Calm	434-0.png
2.0	0.0	1.0	0.0	0.0	1.0	4.0	Depressed	435-0.png
2.0	0.0	1.0	0.0	2.0	1.0	0.0	Depressed	436-0.png
2.0	0.0	0.0	2.0	1.0	2.0	6.0	Calm	439-0.png
1.0	1.0	0.0	2.0	1.0	2.0	6.0	Happy	439-1.png
2.0	0.0	2.0	2.0	0.0	0.0	6.0	Calm	440-0.png
1.0	1.0	2.0	2.0	1.0	2.0	5.0	Calm	441-0.png
2.0	0.0	2.0	0.0	2.0	1.0	2.0	Calm	442-0.png
2.0	0.0	2.0	0.0	2.0	1.0	2.0	Calm	442-1.png
2.0	0.0	0.0	2.0	1.0	0.0	2.0	Happy	443-0.png
2.0	0.0	0.0	2.0	1.0	0.0	3.0	Happy	443-1.png
2.0	0.0	1.0	0.0	2.0	1.0	5.0	Depressed	444-0.png
2.0	0.0	1.0	0.0	2.0	1.0	5.0	Depressed	444-1.png
2.0	0.0	2.0	0.0	2.0	2.0	2.0	Calm	445-0.png
2.0	0.0	2.0	0.0	2.0	2.0	2.0	Calm	445-1.png
2.0	1.0	0.0	2.0	2.0	1.0	2.0	Happy	446-0.png
2.0	1.0	0.0	2.0	2.0	2.0	2.0	Happy	446-1.png
0.0	1.0	2.0	2.0	1.0	1.0	5.0	Anxious	447-0.png
1.0	1.0	2.0	2.0	1.0	1.0	5.0	Anxious	447-1.png
2.0	0.0	2.0	0.0	2.0	2.0	1.0	Calm	448-0.png
0.0	0.0	2.0	0.0	2.0	2.0	5.0	Calm	448-1.png
0.0	0.0	2.0	2.0	1.0	1.0	2.0	Anxious	449-0.png
0.0	0.0	2.0	2.0	1.0	1.0	2.0	Anxious	449-1.png
0.0	1.0	2.0	2.0	2.0	2.0	1.0	Calm	450-0.png
0.0	0.0	2.0	2.0	2.0	2.0	1.0	Calm	450-1.png
0.0	0.0	2.0	2.0	0.0	2.0	2.0	Calm	451-0.png
1.0	1.0	0.0	2.0	2.0	2.0	2.0	Happy	451-1.png
0.0	0.0	0.0	2.0	1.0	2.0	6.0	Depressed	452-0.png
2.0	0.0	2.0	2.0	1.0	0.0	6.0	Calm	452-1.png
0.0	0.0	2.0	2.0	1.0	2.0	6.0	Calm	453-0.png
1.0	0.0	0.0	2.0	1.0	2.0	5.0	Happy	453-1.png
2.0	0.0	2.0	0.0	2.0	1.0	2.0	Calm	454-0.png
0.0	0.0	2.0	0.0	2.0	1.0	2.0	Depressed	454-1.png
2.0	0.0	2.0	0.0	2.0	1.0	2.0	Calm	454-2.png
2.0	0.0	2.0	0.0	2.0	1.0	2.0	Calm	454-3.png
2.0	0.0	2.0	0.0	2.0	1.0	2.0	Calm	454-4.png
2.0	0.0	2.0	2.0	1.0	1.0	2.0	Anxious	455-0.png
0.0	0.0	2.0	2.0	1.0	1.0	2.0	Anxious	455-1.png
2.0	0.0	0.0	2.0	1.0	1.0	2.0	Happy	455-2.png
0.0	0.0	2.0	2.0	1.0	1.0	2.0	Anxious	455-3.png
2.0	0.0	2.0	2.0	1.0	1.0	2.0	Anxious	455-4.png
1.0	0.0	2.0	2.0	0.0	1.0	3.0	Happy	456-0.png
1.0	0.0	2.0	2.0	0.0	1.0	3.0	Happy	456-1.png
1.0	0.0	2.0	2.0	0.0	1.0	3.0	Happy	456-2.png
1.0	1.0	0.0	2.0	0.0	1.0	3.0	Happy	456-3.png
2.0	1.0	0.0	2.0	0.0	1.0	3.0	Happy	456-4.png
2.0	1.0	0.0	1.0	1.0	2.0	3.0	Anxious	457-0.png
2.0	0.0	2.0	2.0	1.0	0.0	1.0	Anxious	458-0.png
2.0	0.0	2.0	0.0	1.0	2.0	1.0	Anxious	458-1.png
2.0	0.0	2.0	2.0	1.0	2.0	1.0	Calm	458-2.png
2.0	0.0	2.0	2.0	2.0	1.0	3.0	Calm	459-0.png
2.0	0.0	2.0	2.0	2.0	2.0	3.0	Calm	460-0.png
1.0	1.0	0.0	1.0	1.0	1.0	4.0	Anxious	461-0.png
0.0	0.0	1.0	0.0	2.0	1.0	2.0	Depressed	462-0.png
2.0	0.0	1.0	0.0	0.0	1.0	1.0	Depressed	463-0.png
2.0	0.0	2.0	0.0	0.0	1.0	6.0	Depressed	464-0.png
2.0	0.0	2.0	2.0	2.0	1.0	2.0	Calm	465-0.png
0.0	0.0	2.0	0.0	1.0	2.0	2.0	Depressed	466-0.png
2.0	0.0	1.0	0.0	0.0	1.0	1.0	Depressed	467-0.png
2.0	0.0	2.0	0.0	2.0	2.0	3.0	Calm	468-0.png
2.0	1.0	0.0	2.0	1.0	2.0	1.0	Anxious	469-0.png
2.0	0.0	1.0	0.0	2.0	1.0	3.0	Depressed	470-0.png
0.0	1.0	0.0	2.0	1.0	1.0	2.0	Anxious	471-0.png
2.0	1.0	0.0	2.0	1.0	1.0	6.0	Anxious	472-0.png
2.0	1.0	2.0	2.0	2.0	1.0	4.0	Calm	473-0.png
2.0	0.0	2.0	0.0	1.0	1.0	4.0	Anxious	474-0.png
2.0	1.0	2.0	0.0	1.0	1.0	4.0	Anxious	475-0.png
0.0	0.0	2.0	0.0	2.0	2.0	1.0	Calm	476-0.png
2.0	1.0	0.0	2.0	1.0	1.0	1.0	Anxious	477-0.png
0.0	0.0	0.0	2.0	1.0	1.0	6.0	Depressed	478-0.png
2.0	0.0	1.0	0.0	2.0	2.0	6.0	Depressed	479-0.png
2.0	0.0	0.0	2.0	1.0	2.0	2.0	Happy	480-0.png
0.0	0.0	0.0	2.0	1.0	2.0	2.0	Happy	480-1.png
2.0	0.0	2.0	0.0	2.0	2.0	5.0	Calm	481-0.png
2.0	0.0	2.0	0.0	2.0	2.0	2.0	Calm	481-1.png
2.0	0.0	2.0	0.0	2.0	2.0	3.0	Calm	482-0.png
0.0	0.0	1.0	0.0	0.0	2.0	3.0	Depressed	482-1.png
2.0	0.0	0.0	2.0	1.0	0.0	4.0	Happy	483-0.png
2.0	0.0	0.0	2.0	2.0	0.0	4.0	Happy	483-1.png
1.0	0.0	1.0	0.0	2.0	2.0	2.0	Happy	484-0.png
2.0	0.0	1.0	0.0	2.0	2.0	2.0	Calm	484-1.png
0.0	1.0	0.0	2.0	2.0	2.0	5.0	Calm	485-0.png
1.0	1.0	2.0	0.0	2.0	2.0	1.0	Anxious	486-0.png
2.0	0.0	2.0	0.0	1.0	2.0	1.0	Anxious	486-1.png
2.0	0.0	1.0	0.0	2.0	1.0	3.0	Depressed	487-0.png
2.0	0.0	2.0	0.0	2.0	1.0	6.0	Depressed	487-1.png
0.0	0.0	1.0	0.0	2.0	2.0	6.0	Depressed	488-0.png
0.0	0.0	1.0	0.0	2.0	2.0	6.0	Depressed	488-1.png
2.0	1.0	2.0	2.0	2.0	2.0	0.0	Calm	489-0.png
2.0	0.0	2.0	2.0	2.0	2.0	0.0	Calm	489-1.png
1.0	0.0	1.0	0.0	2.0	2.0	3.0	Happy	490-0.png
0.0	0.0	1.0	0.0	2.0	2.0	4.0	Depressed	490-1.png
2.0	0.0	2.0	2.0	1.0	1.0	2.0	Anxious	491-0.png
0.0	0.0	2.0	2.0	1.0	1.0	2.0	Anxious	491-1.png
0.0	0.0	1.0	0.0	2.0	1.0	2.0	Depressed	492-0.png
2.0	1.0	2.0	0.0	2.0	2.0	2.0	Calm	492-1.png
2.0	0.0	2.0	2.0	2.0	0.0	5.0	Calm	493-0.png
2.0	0.0	2.0	2.0	2.0	0.0	6.0	Calm	493-1.png
0.0	1.0	2.0	0.0	0.0	2.0	6.0	Depressed	494-0.png
0.0	0.0	2.0	0.0	2.0	2.0	6.0	Depressed	494-1.png
0.0	0.0	2.0	2.0	1.0	0.0	6.0	Depressed	495-0.png
0.0	0.0	2.0	0.0	2.0	2.0	2.0	Calm	495-1.png
0.0	0.0	2.0	0.0	2.0	0.0	6.0	Depressed	495-2.png
2.0	0.0	0.0	2.0	2.0	2.0	2.0	Happy	496-0.png
2.0	0.0	0.0	2.0	2.0	2.0	2.0	Happy	496-1.png
1.0	0.0	2.0	2.0	2.0	2.0	2.0	Happy	496-2.png
1.0	1.0	0.0	2.0	2.0	2.0	2.0	Happy	496-3.png
0.0	1.0	0.0	1.0	1.0	2.0	5.0	Anxious	497-0.png
2.0	0.0	0.0	1.0	1.0	1.0	6.0	Anxious	497-1.png
2.0	0.0	0.0	1.0	1.0	1.0	6.0	Anxious	497-2.png
2.0	0.0	0.0	1.0	1.0	1.0	1.0	Anxious	497-3.png
0.0	0.0	2.0	2.0	1.0	1.0	1.0	Anxious	498-0.png
2.0	0.0	2.0	2.0	1.0	1.0	0.0	Anxious	498-1.png
2.0	1.0	2.0	2.0	1.0	1.0	1.0	Anxious	498-2.png
2.0	1.0	2.0	2.0	1.0	1.0	1.0	Anxious	498-3.png
0.0	1.0	2.0	2.0	1.0	1.0	1.0	Anxious	498-4.png
2.0	1.0	0.0	2.0	2.0	1.0	2.0	Happy	499-0.png
2.0	1.0	0.0	2.0	2.0	1.0	2.0	Happy	500-0.png
0.0	1.0	0.0	2.0	1.0	2.0	3.0	Happy	501-0.png
0.0	1.0	1.0	0.0	2.0	1.0	5.0	Depressed	502-0.png
2.0	0.0	2.0	0.0	1.0	2.0	2.0	Calm	503-0.png
1.0	0.0	2.0	2.0	1.0	2.0	3.0	Happy	504-0.png
2.0	0.0	0.0	2.0	2.0	0.0	2.0	Happy	505-0.png
0.0	1.0	0.0	2.0	2.0	1.0	2.0	Happy	506-0.png
2.0	1.0	0.0	2.0	1.0	1.0	5.0	Anxious	508-0.png
2.0	1.0	0.0	2.0	2.0	1.0	2.0	Happy	509-0.png
2.0	0.0	2.0	2.0	2.0	2.0	1.0	Calm	510-0.png
2.0	0.0	1.0	0.0	2.0	1.0	3.0	Depressed	511-0.png
0.0	1.0	0.0	2.0	2.0	2.0	2.0	Happy	512-0.png
1.0	1.0	0.0	2.0	1.0	1.0	2.0	Happy	513-0.png
2.0	1.0	0.0	2.0	2.0	1.0	2.0	Happy	513-1.png
2.0	1.0	2.0	0.0	0.0	0.0	3.0	Depressed	514-0.png
0.0	1.0	0.0	1.0	1.0	0.0	5.0	Anxious	514-1.png
1.0	1.0	0.0	2.0	1.0	2.0	5.0	Happy	515-0.png
0.0	1.0	2.0	2.0	2.0	2.0	6.0	Calm	516-0.png
0.0	0.0	2.0	2.0	2.0	2.0	1.0	Calm	517-0.png
0.0	1.0	2.0	0.0	1.0	1.0	1.0	Anxious	518-0.png
2.0	1.0	2.0	2.0	1.0	2.0	3.0	Calm	519-0.png
0.0	1.0	2.0	0.0	2.0	1.0	3.0	Depressed	520-0.png
0.0	1.0	0.0	1.0	2.0	1.0	2.0	Anxious	521-0.png
0.0	1.0	0.0	0.0	2.0	2.0	1.0	Depressed	522-0.png
2.0	1.0	2.0	2.0	2.0	2.0	2.0	Calm	523-0.png
1.0	1.0	0.0	1.0	1.0	2.0	3.0	Anxious	524-0.png
0.0	0.0	0.0	2.0	1.0	1.0	4.0	Depressed	525-0.png
2.0	1.0	0.0	1.0	1.0	2.0	3.0	Anxious	526-0.png
2.0	0.0	2.0	0.0	2.0	0.0	4.0	Calm	527-0.png
0.0	0.0	2.0	0.0	2.0	2.0	3.0	Calm	527-1.png
2.0	1.0	0.0	2.0	1.0	2.0	5.0	Calm	528-0.png
0.0	0.0	2.0	0.0	1.0	2.0	4.0	Depressed	529-0.png
2.0	0.0	2.0	2.0	2.0	0.0	4.0	Calm	530-0.png
0.0	0.0	2.0	0.0	2.0	1.0	6.0	Depressed	531-0.png
2.0	1.0	2.0	2.0	1.0	2.0	0.0	Calm	532-0.png
2.0	0.0	2.0	2.0	2.0	2.0	2.0	Calm	533-0.png
0.0	0.0	2.0	2.0	2.0	2.0	4.0	Calm	534-0.png
2.0	0.0	0.0	2.0	2.0	0.0	3.0	Happy	535-0.png
2.0	0.0	0.0	2.0	1.0	2.0	3.0	Happy	536-0.png
0.0	0.0	2.0	0.0	2.0	2.0	2.0	Calm	537-0.png
2.0	0.0	2.0	0.0	2.0	1.0	6.0	Depressed	538-0.png
2.0	0.0	2.0	2.0	1.0	2.0	6.0	Calm	539-0.png
2.0	1.0	2.0	0.0	2.0	2.0	3.0	Calm	540-0.png
0.0	0.0	0.0	2.0	1.0	2.0	2.0	Happy	541-0.png
0.0	0.0	0.0	2.0	2.0	1.0	6.0	Depressed	542-0.png
0.0	1.0	0.0	2.0	2.0	1.0	6.0	Depressed	542-1.png
2.0	0.0	1.0	0.0	2.0	2.0	6.0	Depressed	543-0.png
2.0	0.0	2.0	0.0	2.0	2.0	2.0	Calm	544-0.png
2.0	0.0	2.0	2.0	2.0	2.0	2.0	Calm	544-1.png
2.0	0.0	2.0	0.0	2.0	2.0	2.0	Calm	544-2.png
2.0	0.0	2.0	0.0	2.0	2.0	2.0	Calm	544-3.png
2.0	0.0	2.0	0.0	2.0	2.0	2.0	Calm	544-4.png
2.0	1.0	0.0	1.0	1.0	2.0	1.0	Anxious	545-0.png
2.0	1.0	0.0	1.0	1.0	2.0	1.0	Anxious	545-1.png
0.0	0.0	0.0	1.0	2.0	2.0	1.0	Anxious	545-2.png
2.0	0.0	0.0	1.0	1.0	2.0	1.0	Anxious	545-3.png
0.0	0.0	0.0	2.0	2.0	2.0	2.0	Happy	546-0.png
2.0	0.0	0.0	2.0	2.0	2.0	3.0	Happy	546-1.png
2.0	0.0	2.0	2.0	2.0	2.0	2.0	Calm	546-2.png
2.0	1.0	2.0	0.0	2.0	2.0	3.0	Calm	546-3.png
0.0	0.0	2.0	2.0	2.0	2.0	3.0	Calm	546-4.png
2.0	1.0	0.0	2.0	1.0	2.0	3.0	Happy	547-0.png
2.0	0.0	0.0	2.0	1.0	2.0	3.0	Happy	547-1.png
2.0	0.0	0.0	2.0	2.0	2.0	3.0	Happy	547-2.png
0.0	1.0	0.0	2.0	1.0	2.0	3.0	Happy	547-3.png
2.0	0.0	0.0	2.0	1.0	2.0	3.0	Happy	547-4.png
2.0	0.0	1.0	0.0	2.0	1.0	2.0	Depressed	548-0.png
2.0	0.0	1.0	0.0	2.0	1.0	2.0	Depressed	548-1.png
2.0	0.0	1.0	0.0	2.0	1.0	2.0	Depressed	548-2.png
2.0	0.0	1.0	0.0	2.0	1.0	2.0	Depressed	548-3.png
0.0	0.0	1.0	0.0	2.0	1.0	2.0	Depressed	548-4.png
2.0	0.0	2.0	2.0	2.0	0.0	2.0	Happy	549-0.png
0.0	0.0	0.0	2.0	2.0	0.0	2.0	Happy	549-1.png
2.0	0.0	2.0	0.0	2.0	0.0	2.0	Happy	549-2.png
2.0	0.0	2.0	2.0	2.0	0.0	2.0	Happy	549-3.png
0.0	1.0	2.0	0.0	2.0	0.0	2.0	Happy	549-4.png
2.0	0.0	2.0	0.0	1.0	0.0	2.0	Anxious	550-0.png
0.0	0.0	2.0	0.0	2.0	2.0	2.0	Calm	550-1.png
2.0	0.0	2.0	0.0	1.0	2.0	2.0	Calm	550-2.png
0.0	0.0	1.0	0.0	1.0	2.0	5.0	Depressed	550-3.png
2.0	0.0	1.0	0.0	2.0	2.0	5.0	Calm	550-4.png
2.0	0.0	1.0	0.0	0.0	1.0	4.0	Depressed	551-0.png
2.0	0.0	1.0	0.0	0.0	1.0	4.0	Depressed	551-1.png
2.0	0.0	1.0	0.0	0.0	1.0	4.0	Depressed	551-2.png
0.0	0.0	1.0	0.0	0.0	1.0	4.0	Depressed	551-3.png
0.0	1.0	1.0	0.0	0.0	1.0	4.0	Depressed	551-4.png
2.0	0.0	1.0	0.0	0.0	1.0	4.0	Depressed	551-5.png
2.0	0.0	1.0	0.0	0.0	1.0	4.0	Depressed	551-6.png
0.0	0.0	1.0	0.0	2.0	1.0	4.0	Depressed	551-7.png
2.0	0.0	1.0	0.0	0.0	1.0	4.0	Depressed	551-8.png
0.0	0.0	1.0	0.0	0.0	1.0	4.0	Depressed	551-9.png
2.0	0.0	2.0	0.0	1.0	0.0	1.0	Anxious	552-0.png
2.0	0.0	2.0	2.0	2.0	0.0	1.0	Calm	552-1.png
2.0	0.0	2.0	0.0	2.0	0.0	1.0	Calm	552-2.png
0.0	0.0	2.0	2.0	1.0	0.0	1.0	Anxious	552-3.png
0.0	0.0	2.0	0.0	2.0	0.0	1.0	Depressed	552-4.png
0.0	0.0	2.0	0.0	2.0	0.0	1.0	Depressed	552-5.png
2.0	0.0	2.0	0.0	2.0	0.0	1.0	Calm	552-6.png
0.0	0.0	2.0	2.0	2.0	0.0	1.0	Happy	552-7.png
0.0	0.0	2.0	2.0	2.0	0.0	1.0	Happy	552-8.png
2.0	0.0	2.0	2.0	2.0	0.0	1.0	Calm	552-9.png
0.0	1.0	2.0	2.0	2.0	1.0	3.0	Anxious	553-0.png
0.0	1.0	2.0	2.0	2.0	1.0	3.0	Anxious	553-1.png
0.0	1.0	2.0	2.0	2.0	2.0	4.0	Calm	554-0.png
0.0	1.0	0.0	2.0	1.0	2.0	3.0	Happy	555-0.png
0.0	1.0	0.0	2.0	1.0	2.0	2.0	Happy	555-1.png
2.0	1.0	2.0	2.0	1.0	2.0	3.0	Calm	555-2.png
2.0	1.0	1.0	0.0	2.0	1.0	3.0	Depressed	556-0.png
0.0	1.0	0.0	2.0	1.0	2.0	4.0	Anxious	558-0.png
0.0	1.0	2.0	0.0	2.0	2.0	5.0	Calm	559-0.png
0.0	1.0	1.0	0.0	2.0	2.0	6.0	Depressed	559-1.png
2.0	0.0	2.0	0.0	1.0	0.0	6.0	Depressed	560-0.png
0.0	0.0	2.0	0.0	1.0	0.0	1.0	Anxious	560-1.png
1.0	0.0	0.0	2.0	2.0	1.0	5.0	Happy	561-0.png
2.0	1.0	2.0	0.0	2.0	2.0	5.0	Calm	561-1.png
0.0	0.0	2.0	2.0	0.0	0.0	2.0	Happy	562-0.png
0.0	0.0	2.0	0.0	0.0	0.0	3.0	Depressed	562-1.png
0.0	0.0	0.0	2.0	1.0	2.0	3.0	Happy	563-0.png
2.0	1.0	2.0	2.0	1.0	2.0	3.0	Calm	563-1.png
2.0	0.0	2.0	2.0	2.0	1.0	3.0	Calm	564-0.png
0.0	1.0	2.0	0.0	2.0	1.0	3.0	Depressed	565-0.png
2.0	0.0	2.0	0.0	2.0	1.0	3.0	Calm	566-0.png
0.0	0.0	2.0	2.0	1.0	1.0	6.0	Depressed	567-0.png
2.0	0.0	0.0	2.0	1.0	1.0	5.0	Calm	567-1.png
2.0	0.0	2.0	2.0	1.0	1.0	5.0	Calm	567-2.png
2.0	1.0	2.0	2.0	2.0	2.0	5.0	Calm	567-3.png
2.0	0.0	0.0	2.0	1.0	1.0	6.0	Depressed	567-4.png
2.0	0.0	2.0	2.0	1.0	1.0	6.0	Anxious	567-5.png
0.0	1.0	0.0	2.0	2.0	0.0	3.0	Happy	568-0.png
1.0	0.0	1.0	0.0	2.0	2.0	2.0	Happy	569-0.png
0.0	1.0	0.0	2.0	1.0	1.0	2.0	Anxious	570-0.png
2.0	0.0	2.0	0.0	1.0	2.0	4.0	Calm	571-0.png
2.0	0.0	2.0	0.0	2.0	2.0	2.0	Calm	572-0.png
2.0	0.0	1.0	0.0	2.0	2.0	6.0	Depressed	573-0.png
2.0	0.0	1.0	0.0	2.0	0.0	2.0	Happy	574-0.png
0.0	1.0	0.0	2.0	1.0	0.0	5.0	Happy	575-0.png
2.0	0.0	1.0	0.0	2.0	2.0	1.0	Calm	576-0.png
2.0	0.0	0.0	2.0	2.0	1.0	2.0	Happy	577-0.png
2.0	0.0	0.0	1.0	1.0	1.0	6.0	Anxious	577-1.png
0.0	0.0	2.0	0.0	2.0	2.0	3.0	Calm	578-0.png
2.0	0.0	1.0	0.0	0.0	2.0	4.0	Depressed	579-0.png
2.0	0.0	2.0	2.0	2.0	0.0	4.0	Calm	580-0.png
0.0	0.0	2.0	2.0	0.0	2.0	4.0	Calm	581-0.png
2.0	1.0	0.0	2.0	1.0	2.0	6.0	Calm	582-0.png
2.0	1.0	0.0	2.0	1.0	2.0	1.0	Anxious	582-1.png
2.0	1.0	0.0	2.0	1.0	2.0	1.0	Anxious	582-2.png
0.0	1.0	0.0	2.0	1.0	2.0	1.0	Anxious	582-3.png
2.0	0.0	0.0	2.0	1.0	1.0	1.0	Anxious	582-4.png
2.0	1.0	0.0	2.0	1.0	2.0	2.0	Happy	583-0.png
1.0	1.0	0.0	2.0	1.0	2.0	2.0	Happy	583-1.png
0.0	1.0	0.0	1.0	1.0	2.0	3.0	Anxious	583-2.png
2.0	1.0	0.0	2.0	1.0	2.0	3.0	Happy	583-3.png
0.0	1.0	0.0	1.0	1.0	2.0	2.0	Anxious	583-4.png
0.0	1.0	2.0	2.0	2.0	1.0	2.0	Anxious	584-0.png
0.0	0.0	2.0	2.0	2.0	1.0	2.0	Happy	584-1.png
0.0	1.0	2.0	2.0	2.0	1.0	2.0	Anxious	584-2.png
2.0	1.0	2.0	2.0	2.0	1.0	2.0	Calm	584-3.png
0.0	0.0	2.0	2.0	2.0	1.0	2.0	Happy	584-4.png
2.0	0.0	0.0	2.0	2.0	2.0	1.0	Calm	585-0.png
1.0	1.0	0.0	2.0	2.0	2.0	1.0	Happy	585-1.png
2.0	0.0	2.0	2.0	2.0	2.0	5.0	Calm	585-2.png
2.0	1.0	0.0	2.0	1.0	2.0	1.0	Anxious	585-3.png
0.0	0.0	0.0	2.0	2.0	2.0	1.0	Happy	585-4.png
2.0	0.0	2.0	2.0	1.0	0.0	2.0	Happy	586-0.png
2.0	0.0	0.0	2.0	1.0	0.0	2.0	Happy	586-1.png
0.0	0.0	0.0	1.0	1.0	0.0	2.0	Happy	586-2.png
2.0	0.0	0.0	1.0	1.0	0.0	2.0	Happy	586-3.png
0.0	0.0	1.0	0.0	2.0	2.0	2.0	Depressed	587-0.png
0.0	0.0	2.0	0.0	2.0	2.0	5.0	Calm	587-1.png
0.0	0.0	2.0	0.0	2.0	2.0	6.0	Depressed	587-2.png
2.0	0.0	2.0	0.0	2.0	2.0	6.0	Calm	587-3.png
2.0	0.0	2.0	0.0	2.0	2.0	5.0	Calm	588-0.png
2.0	0.0	2.0	0.0	2.0	2.0	6.0	Calm	588-1.png
0.0	0.0	1.0	0.0	0.0	2.0	6.0	Depressed	588-2.png
0.0	0.0	2.0	0.0	2.0	2.0	6.0	Depressed	588-3.png
0.0	0.0	1.0	0.0	2.0	2.0	6.0	Depressed	588-4.png
0.0	0.0	1.0	0.0	0.0	2.0	6.0	Depressed	588-5.png
0.0	0.0	1.0	0.0	0.0	2.0	5.0	Depressed	588-6.png
0.0	0.0	2.0	0.0	0.0	2.0	6.0	Depressed	588-7.png
0.0	0.0	1.0	0.0	2.0	2.0	6.0	Depressed	588-8.png
2.0	0.0	1.0	0.0	2.0	2.0	6.0	Depressed	588-9.png
1.0	1.0	1.0	0.0	0.0	2.0	3.0	Depressed	589-0.png
2.0	0.0	1.0	0.0	2.0	1.0	4.0	Depressed	590-0.png
0.0	0.0	2.0	0.0	2.0	1.0	3.0	Depressed	591-0.png
0.0	0.0	2.0	0.0	0.0	1.0	4.0	Depressed	592-0.png
0.0	0.0	2.0	2.0	1.0	2.0	1.0	Anxious	593-0.png
2.0	0.0	2.0	2.0	1.0	1.0	4.0	Anxious	594-0.png
1.0	0.0	2.0	0.0	2.0	1.0	3.0	Happy	595-0.png
0.0	1.0	0.0	1.0	1.0	1.0	1.0	Anxious	596-0.png
0.0	0.0	0.0	2.0	1.0	1.0	6.0	Depressed	597-0.png
0.0	0.0	2.0	2.0	1.0	2.0	4.0	Calm	598-0.png
2.0	0.0	2.0	2.0	2.0	2.0	4.0	Calm	598-1.png
0.0	0.0	2.0	0.0	1.0	2.0	1.0	Anxious	599-0.png
0.0	0.0	2.0	0.0	1.0	2.0	1.0	Anxious	599-1.png
0.0	0.0	1.0	0.0	2.0	2.0	3.0	Depressed	600-0.png
2.0	0.0	2.0	2.0	1.0	2.0	3.0	Calm	601-0.png
0.0	0.0	0.0	2.0	2.0	2.0	2.0	Happy	602-0.png
2.0	0.0	0.0	2.0	2.0	2.0	3.0	Happy	603-0.png
0.0	1.0	0.0	2.0	2.0	2.0	6.0	Happy	604-0.png
0.0	0.0	2.0	2.0	1.0	2.0	3.0	Calm	605-0.png
2.0	0.0	2.0	0.0	2.0	2.0	1.0	Calm	606-0.png
0.0	0.0	2.0	2.0	2.0	1.0	3.0	Happy	607-0.png
0.0	0.0	2.0	0.0	2.0	1.0	1.0	Depressed	608-0.png
0.0	1.0	0.0	2.0	2.0	2.0	2.0	Happy	609-0.png
2.0	0.0	2.0	0.0	2.0	1.0	5.0	Calm	610-0.png
0.0	1.0	0.0	1.0	1.0	0.0	1.0	Anxious	611-0.png
0.0	0.0	2.0	0.0	2.0	0.0	1.0	Depressed	612-0.png
0.0	0.0	1.0	0.0	0.0	1.0	1.0	Depressed	613-0.png
2.0	1.0	2.0	0.0	2.0	2.0	0.0	Calm	614-0.png
0.0	0.0	2.0	0.0	2.0	1.0	6.0	Depressed	615-0.png
2.0	0.0	0.0	2.0	1.0	1.0	2.0	Happy	616-0.png
0.0	0.0	0.0	2.0	2.0	1.0	6.0	Depressed	617-0.png
0.0	0.0	2.0	2.0	1.0	1.0	3.0	Anxious	618-0.png
0.0	0.0	1.0	0.0	2.0	1.0	6.0	Depressed	619-0.png
2.0	0.0	2.0	2.0	1.0	1.0	4.0	Anxious	620-0.png
0.0	0.0	1.0	0.0	2.0	1.0	1.0	Depressed	621-0.png
2.0	0.0	1.0	0.0	1.0	1.0	6.0	Depressed	622-0.png
2.0	0.0	1.0	0.0	0.0	1.0	4.0	Depressed	623-0.png
1.0	0.0	0.0	2.0	1.0	2.0	6.0	Happy	624-0.png
2.0	0.0	0.0	2.0	1.0	2.0	3.0	Happy	625-0.png
2.0	0.0	0.0	2.0	1.0	0.0	2.0	Happy	626-0.png
2.0	1.0	2.0	2.0	2.0	0.0	2.0	Happy	627-0.png
2.0	0.0	2.0	0.0	2.0	1.0	2.0	Calm	628-0.png
0.0	0.0	0.0	2.0	1.0	0.0	0.0	Happy	629-0.png
0.0	0.0	1.0	0.0	2.0	1.0	1.0	Depressed	630-0.png
1.0	0.0	0.0	2.0	1.0	0.0	3.0	Happy	631-0.png
2.0	0.0	1.0	0.0	2.0	2.0	5.0	Calm	632-0.png
1.0	0.0	2.0	0.0	2.0	2.0	4.0	Calm	633-0.png
2.0	0.0	0.0	2.0	2.0	2.0	3.0	Happy	634-0.png
1.0	1.0	0.0	2.0	2.0	2.0	4.0	Happy	634-1.png
1.0	0.0	0.0	2.0	2.0	2.0	4.0	Happy	634-2.png
2.0	0.0	2.0	2.0	0.0	2.0	4.0	Calm	634-3.png
0.0	1.0	0.0	2.0	1.0	2.0	3.0	Happy	634-4.png
2.0	1.0	0.0	2.0	2.0	2.0	3.0	Happy	634-5.png
0.0	1.0	0.0	2.0	1.0	2.0	3.0	Happy	634-6.png
2.0	1.0	0.0	1.0	1.0	2.0	3.0	Anxious	634-7.png
2.0	0.0	0.0	2.0	0.0	2.0	3.0	Happy	634-8.png
2.0	0.0	2.0	0.0	2.0	2.0	2.0	Calm	635-0.png
0.0	0.0	2.0	0.0	2.0	2.0	2.0	Calm	635-1.png
0.0	0.0	2.0	0.0	2.0	2.0	2.0	Calm	635-2.png
2.0	1.0	2.0	0.0	2.0	2.0	2.0	Calm	635-3.png
2.0	0.0	2.0	0.0	2.0	2.0	2.0	Calm	635-4.png
0.0	0.0	2.0	0.0	2.0	2.0	2.0	Calm	635-5.png
0.0	0.0	1.0	0.0	2.0	2.0	2.0	Depressed	635-6.png
0.0	0.0	2.0	0.0	2.0	1.0	2.0	Depressed	635-7.png
2.0	0.0	2.0	0.0	2.0	2.0	2.0	Calm	635-8.png
0.0	0.0	2.0	0.0	2.0	2.0	2.0	Calm	635-9.png
2.0	1.0	0.0	2.0	1.0	1.0	2.0	Anxious	636-0.png
0.0	0.0	2.0	0.0	2.0	2.0	2.0	Calm	637-0.png
0.0	0.0	2.0	0.0	0.0	2.0	4.0	Depressed	638-0.png
2.0	1.0	0.0	2.0	1.0	2.0	4.0	Calm	639-0.png
2.0	1.0	0.0	2.0	1.0	2.0	4.0	Calm	640-0.png
0.0	0.0	2.0	2.0	1.0	2.0	1.0	Anxious	641-0.png
0.0	0.0	0.0	2.0	1.0	1.0	5.0	Depressed	642-0.png
2.0	1.0	0.0	1.0	1.0	2.0	5.0	Anxious	643-0.png
0.0	1.0	0.0	2.0	1.0	2.0	3.0	Happy	644-0.png
0.0	0.0	2.0	2.0	1.0	2.0	3.0	Calm	645-0.png
2.0	1.0	0.0	1.0	1.0	2.0	3.0	Anxious	648-0.png
2.0	1.0	0.0	1.0	1.0	2.0	4.0	Anxious	649-0.png
0.0	1.0	2.0	0.0	2.0	2.0	5.0	Calm	650-0.png
0.0	0.0	2.0	2.0	2.0	2.0	2.0	Calm	651-0.png
2.0	0.0	2.0	0.0	2.0	2.0	6.0	Calm	652-0.png
2.0	0.0	1.0	0.0	0.0	1.0	3.0	Depressed	653-0.png
1.0	1.0	0.0	2.0	1.0	2.0	4.0	Happy	654-0.png
2.0	1.0	2.0	0.0	2.0	2.0	4.0	Calm	655-0.png
0.0	0.0	2.0	0.0	2.0	2.0	2.0	Calm	658-0.png
1.0	0.0	2.0	0.0	2.0	1.0	2.0	Happy	658-1.png
0.0	1.0	0.0	2.0	1.0	2.0	2.0	Happy	659-0.png
0.0	0.0	2.0	0.0	2.0	1.0	6.0	Depressed	660-0.png
2.0	1.0	0.0	2.0	1.0	1.0	2.0	Anxious	661-0.png
2.0	0.0	2.0	0.0	2.0	2.0	3.0	Calm	662-0.png
2.0	1.0	0.0	2.0	1.0	1.0	2.0	Anxious	663-0.png
2.0	1.0	2.0	0.0	2.0	1.0	2.0	Anxious	664-0.png
2.0	1.0	0.0	2.0	1.0	2.0	4.0	Calm	665-0.png
2.0	0.0	2.0	0.0	2.0	1.0	2.0	Calm	666-0.png
2.0	0.0	2.0	0.0	2.0	1.0	6.0	Depressed	667-0.png
0.0	1.0	2.0	0.0	2.0	2.0	2.0	Calm	668-0.png
0.0	0.0	1.0	0.0	2.0	1.0	1.0	Depressed	669-0.png
2.0	0.0	0.0	2.0	2.0	2.0	2.0	Happy	670-0.png
1.0	1.0	0.0	1.0	1.0	2.0	2.0	Anxious	670-1.png
2.0	0.0	0.0	2.0	1.0	2.0	2.0	Happy	670-2.png
0.0	1.0	0.0	2.0	2.0	2.0	2.0	Happy	670-3.png
0.0	1.0	0.0	2.0	2.0	2.0	2.0	Happy	670-4.png
0.0	0.0	0.0	2.0	2.0	2.0	2.0	Happy	670-5.png
0.0	0.0	0.0	2.0	2.0	2.0	2.0	Happy	670-6.png
0.0	1.0	0.0	2.0	2.0	2.0	2.0	Happy	670-7.png
1.0	1.0	0.0	1.0	2.0	2.0	2.0	Happy	670-8.png
2.0	0.0	0.0	2.0	2.0	2.0	2.0	Happy	670-9.png
0.0	0.0	1.0	0.0	0.0	1.0	6.0	Depressed	671-0.png
0.0	0.0	1.0	0.0	2.0	1.0	5.0	Depressed	671-1.png
0.0	0.0	2.0	0.0	2.0	2.0	6.0	Depressed	671-10.png
0.0	0.0	1.0	0.0	2.0	1.0	5.0	Depressed	671-2.png
0.0	0.0	1.0	0.0	2.0	1.0	5.0	Depressed	671-4.png
0.0	0.0	1.0	0.0	2.0	2.0	5.0	Depressed	671-5.png
0.0	0.0	1.0	0.0	2.0	2.0	5.0	Depressed	671-6.png
0.0	0.0	1.0	0.0	2.0	1.0	6.0	Depressed	671-7.png
2.0	0.0	1.0	0.0	2.0	1.0	5.0	Depressed	671-8.png
0.0	0.0	1.0	0.0	2.0	2.0	5.0	Depressed	671-9.png
1.0	1.0	0.0	2.0	2.0	2.0	2.0	Happy	672-0.png
