-0.39	5.76	12.14	4.42	2.49	171.38	-15	000-0.png	
0.05	3.07	17.29	2.89	1.74	194.71	-15	000-1.png	
-1.1	2.02	16.36	3.13	1.65	170.29	-15	000-10.png	
-0.01	1.91	15.73	3.31	1.6	165.56	180	000-11.png	
-0.0	2.1	15.7	3.24	1.69	171.55	-15	000-12.png	
-0.27	2.14	16.33	3.16	1.54	174.16	-15	000-13.png	
0.29	2.62	14.1	3.82	1.93	170.93	-15	000-14.png	
-0.06	2.8	14.3	3.55	1.93	171.9	-15	000-15.png	
0.11	2.43	14.0	3.78	1.78	171.28	-15	000-16.png	
-0.19	2.74	13.88	3.78	1.95	169.13	-15	000-17.png	
0.13	2.8	14.62	3.94	1.93	167.94	-15	000-18.png	
-0.39	3.08	14.6	3.65	1.92	169.14	-15	000-19.png	
-0.16	1.96	17.36	2.93	1.38	182.99	-15	000-2.png	
-0.26	2.2	15.44	3.37	1.74	169.25	-15	000-20.png	
-0.47	2.72	14.7	3.59	1.7	170.08	-15	000-21.png	
-1.04	2.7	14.44	3.6	1.68	171.68	-15	000-22.png	
-0.76	3.61	12.75	4.12	1.81	162.82	-15	000-23.png	
-0.33	3.04	14.82	3.62	1.91	158.97	-15	000-24.png	
-0.23	2.63	14.82	3.58	1.74	168.45	-15	000-25.png	
-0.02	3.26	14.1	3.77	1.7	167.25	-15	000-26.png	
-0.7	2.73	15.0	3.59	1.76	160.74	-15	000-27.png	
-0.06	2.35	13.6	3.89	1.75	158.26	-15	000-28.png	
-0.05	1.37	16.11	3.19	1.43	164.27	180	000-29.png	
-0.34	2.08	17.8	2.83	1.59	174.77	-15	000-3.png	
-0.18	4.81	12.89	4.28	2.15	184.84	-15	000-30.png	
-0.32	4.37	11.67	4.71	1.78	176.29	-30	000-31.png	
-0.29	3.13	13.09	4.22	1.82	170.67	-15	000-32.png	
-0.1	4.49	12.7	4.3	2.07	166.81	-30	000-33.png	
0.19	3.07	13.67	3.05	2.27	164.55	-30	000-34.png	
-0.33	5.46	13.38	3.99	1.99	167.18	-15	000-35.png	
0.03	5.81	13.25	4.03	2.05	161.88	-15	000-36.png	
-0.04	4.52	11.5	4.88	2.2	160.74	-30	000-37.png	
-0.44	5.84	10.62	5.29	2.65	160.61	-15	000-38.png	
-0.39	3.65	12.6	4.42	2.08	164.55	-15	000-39.png	
-0.22	1.63	19.0	2.62	1.54	174.41	-15	000-4.png	
-0.52	4.63	11.67	4.76	1.81	158.96	-30	000-40.png	
0.37	4.63	12.09	4.57	2.03	157.75	-15	000-41.png	
0.18	3.91	12.27	4.52	1.97	158.17	-15	000-42.png	
0.11	4.48	12.27	4.56	1.97	162.14	-30	000-43.png	
-0.02	3.49	11.18	5.01	1.93	157.96	-15	000-44.png	
-0.13	2.07	11.12	4.98	2.12	148.5	-15	000-45.png	
-0.35	5.37	11.56	4.88	2.39	166.11	-15	000-46.png	
0.23	4.71	12.1	4.65	2.19	161.5	-15	000-47.png	
0.26	2.42	12.8	4.28	1.94	158.19	-15	000-48.png	
-0.05	4.16	12.5	4.81	2.09	152.04	-15	000-49.png	
-0.41	1.56	16.62	3.05	1.77	173.65	-15	000-5.png	
0.0	4.83	11.8	4.77	1.99	147.98	-15	000-50.png	
0.21	3.17	12.64	4.4	2.05	147.14	-30	000-51.png	
-0.27	3.23	12.09	4.6	1.96	146.54	-30	000-52.png	
-0.21	4.86	11.11	5.79	2.2	143.31	-15	000-53.png	
0.21	4.08	12.0	4.68	2.33	143.97	-30	000-54.png	
-0.64	7.16	10.75	5.1	2.25	146.71	-30	000-55.png	
-0.11	5.35	10.1	5.77	2.62	144.07	-15	000-56.png	
-0.08	5.15	13.2	4.18	1.77	145.15	-15	000-57.png	
0.42	4.32	11.8	4.76	2.09	164.7	-15	000-58.png	
-0.2	2.35	16.2	3.2	1.78	171.13	-15	000-6.png	
-0.55	2.21	17.64	2.89	1.62	170.58	-15	000-7.png	
-0.15	2.26	15.5	3.57	1.58	170.39	-15	000-8.png	
-0.4	1.88	17.56	2.91	1.55	170.21	-15	000-9.png	
0.12	3.46	13.0	4.41	2.37	145.7	-5	001-0.png	
-0.27	7.39	12.86	4.41	1.94	147.34	-5	001-1.png	
0.05	6.27	11.8	4.91	2.15	188.41	45	002-0.png	
-0.14	2.79	20.78	2.4	1.4	152.75	15	003-0.png	
0.37	3.76	20.75	2.39	1.02	150.24	15	003-1.png	
-0.34	3.11	11.89	4.78	1.71	125.5	30	004-0.png	
0.29	0.93	20.43	2.27	0.7	158.16	0	005-0.png	
0.06	0.05	19.25	2.56	0.69	158.88	0	005-1.png	
-0.07	0.65	21.56	1.17	1.03	166.43	15	006-0.png	
0.38	1.03	17.5	2.93	1.27	153.74	-5	007-0.png	
-0.14	0.74	18.83	2.27	1.29	154.0	-5	007-1.png	
0.37	5.08	15.36	3.2	1.33	128.69	30	008-0.png	
0.16	2.94	17.7	2.98	1.18	130.74	30	008-1.png	
-0.22	6.48	14.67	3.65	2.2	164.84	30	009-0.png	
-0.27	4.43	14.67	3.63	1.52	163.75	15	009-1.png	
0.09	5.24	17.0	3.03	1.52	190.79	180	010-0.png	
0.17	3.72	17.22	2.95	1.45	188.69	180	010-1.png	
0.22	3.38	13.33	4.38	1.52	138.47	0	011-0.png	
0.33	3.26	16.25	3.48	1.89	150.63	0	011-1.png	
-0.17	1.09	15.64	3.16	1.52	170.31	15	012-0.png	
-0.25	2.43	17.73	2.99	1.56	172.58	30	012-1.png	
0.14	2.89	20.44	2.42	0.91	159.96	30	014-0.png	
0.09	0.25	24.33	1.85	0.79	158.15	30	014-1.png	
0.68	3.79	19.55	2.4	1.72	140.87	30	015-0.png	
0.07	1.2	15.8	3.09	1.89	156.54	15	016-0.png	
-0.16	0.93	20.5	2.54	1.96	156.5	15	016-1.png	
0.52	0.74	18.82	2.88	1.95	157.36	15	016-2.png	
-0.24	4.56	22.38	2.0	1.01	197.91	15	017-0.png	
-0.68	0.84	25.1	1.78	0.86	198.2	15	017-1.png	
-0.14	3.24	24.09	1.82	0.91	199.07	15	017-2.png	
-0.15	2.6	14.6	3.84	1.36	150.1	15	018-0.png	
-0.15	1.06	16.0	3.35	1.56	146.41	15	018-1.png	
0.28	0.38	21.0	2.42	0.7	187.1	30	019-0.png	
0.23	1.61	21.12	2.2	0.64	195.75	30	019-1.png	
0.21	0.45	20.11	2.47	0.7	195.79	30	019-2.png	
-0.02	2.64	13.64	4.24	1.48	167.9	-5	020-0.png	
0.19	1.06	15.12	3.45	1.07	135.13	45	021-0.png	
0.33	3.06	17.64	2.92	0.84	151.11	30	022-0.png	
0.32	0.07	13.88	3.93	1.28	155.12	30	023-0.png	
0.29	3.86	17.64	2.64	2.42	157.71	180	024-0.png	
-0.61	3.15	11.12	5.07	1.55	140.0	15	025-0.png	
-0.72	4.65	11.83	4.69	1.45	139.59	15	025-1.png	
-0.17	3.48	11.5	4.97	1.57	137.51	15	025-2.png	
-0.61	6.4	13.44	4.07	1.3	140.2	15	025-3.png	
-0.48	2.87	11.86	4.61	1.56	139.01	15	025-4.png	
-0.23	1.46	17.1	3.08	1.15	187.98	15	026-0.png	
0.06	2.58	17.86	2.73	1.05	187.67	30	026-1.png	
0.34	3.17	18.0	2.89	1.06	186.87	15	026-2.png	
-0.39	1.38	18.88	2.62	1.1	188.1	15	026-3.png	
-0.02	2.37	18.56	2.71	1.12	186.9	15	026-4.png	
-0.13	1.82	12.62	4.5	1.46	135.4	-15	027-0.png	
-0.0	4.47	17.67	2.87	0.86	130.86	30	028-0.png	
0.02	6.06	16.5	3.05	1.56	136.83	180	029-0.png	
-0.08	2.41	20.33	2.11	1.23	134.6	180	030-0.png	
0.22	3.56	25.0	1.76	0.62	131.86	15	031-0.png	
0.54	2.12	16.0	3.39	1.58	170.09	180	032-0.png	
0.13	6.47	17.0	2.9	1.16	192.11	0	033-0.png	
0.43	4.21	8.56	7.88	1.98	132.51	15	034-0.png	
0.03	2.07	14.0	3.71	2.0	180.48	0	035-0.png	
0.05	2.33	16.29	3.24	1.34	165.08	-5	036-0.png	
-0.28	3.48	13.5	4.14	1.81	146.98	15	037-0.png	
-0.53	4.22	12.79	4.04	1.7	149.25	15	037-1.png	
0.08	1.53	13.73	4.07	1.47	146.9	15	037-2.png	
-0.38	2.61	13.4	3.82	1.59	143.99	15	037-3.png	
-0.3	2.03	14.3	3.87	1.53	146.29	15	037-4.png	
-0.16	0.81	22.25	2.16	0.99	136.41	180	038-0.png	
0.52	1.26	16.64	3.21	1.28	147.99	45	039-0.png	
-0.12	5.34	17.78	2.77	1.12	169.97	45	040-0.png	
-0.0	1.72	19.75	2.41	0.87	171.38	45	041-0.png	
0.31	1.08	14.78	3.58	1.34	180.72	180	042-0.png	
0.46	0.27	22.22	2.27	1.13	161.66	30	043-0.png	
0.32	1.76	16.44	3.16	1.13	150.1	30	044-0.png	
0.06	2.63	25.08	1.52	1.25	184.61	30	045-0.png	
-0.06	0.99	12.18	4.67	1.58	169.09	15	046-0.png	
0.24	0.05	20.0	2.55	1.32	121.01	180	047-0.png	
0.26	3.01	13.3	4.15	1.86	189.18	-30	048-0.png	
0.08	1.48	14.88	3.6	1.57	188.8	180	049-0.png	
0.6	2.11	15.62	3.41	1.01	167.22	-15	050-0.png	
-0.39	1.94	20.57	2.33	0.96	195.53	30	051-0.png	
0.16	1.69	21.89	2.17	1.17	194.49	180	052-0.png	
0.03	2.87	24.36	1.79	1.13	190.53	-15	053-0.png	
0.09	0.26	23.42	1.99	0.8	176.9	-5	054-0.png	
0.28	8.54	12.3	4.67	1.05	147.95	45	055-0.png	
0.17	1.32	20.43	2.77	0.76	122.22	-15	056-0.png	
0.85	1.91	20.43	2.41	0.96	184.83	-5	058-0.png	
0.68	2.12	18.38	2.73	1.01	184.52	-5	058-1.png	
0.29	1.68	21.4	2.34	0.82	184.57	-5	058-2.png	
0.82	1.3	23.89	1.88	0.8	183.88	-15	058-3.png	
0.37	3.85	20.0	2.46	0.8	181.89	15	059-0.png	
0.35	3.38	21.0	2.27	0.72	180.36	15	059-1.png	
-0.14	3.01	23.29	1.98	0.74	182.74	15	059-2.png	
0.21	4.54	20.5	2.33	0.73	181.17	15	059-3.png	
0.34	4.7	13.2	4.23	1.67	151.96	15	060-0.png	
0.34	4.21	12.6	4.44	1.76	155.66	15	060-1.png	
0.06	4.44	13.3	4.22	1.66	152.76	15	060-2.png	
0.34	2.42	11.56	4.75	1.92	152.47	15	060-3.png	
0.3	2.13	18.75	2.7	1.12	179.12	15	061-0.png	
1.02	1.64	18.29	2.98	1.25	177.58	15	061-1.png	
0.01	1.53	17.0	3.18	1.21	177.78	15	061-2.png	
0.15	0.94	17.0	3.1	1.88	178.04	15	061-3.png	
-0.35	0.61	13.12	4.41	2.71	137.04	15	062-0.png	
0.84	3.28	10.67	4.95	2.69	138.95	15	062-1.png	
0.13	3.54	8.75	6.36	3.59	143.45	0	062-2.png	
0.45	5.41	14.6	3.79	2.16	175.68	180	063-0.png	
0.55	3.71	15.1	3.64	1.76	178.48	180	063-1.png	
0.24	6.21	14.5	3.88	1.97	178.33	180	063-2.png	
0.57	1.71	15.18	3.63	1.32	158.92	5	064-0.png	
-0.32	0.96	15.56	3.5	1.51	159.9	15	064-1.png	
0.08	0.27	15.09	3.63	1.56	159.74	5	064-2.png	
-0.18	0.9	15.56	3.51	1.45	159.35	0	064-3.png	
0.09	2.41	14.5	2.61	1.27	144.0	-5	065-0.png	
0.37	2.97	16.14	3.22	1.05	140.31	-5	065-1.png	
0.76	0.7	15.75	3.46	2.26	145.62	15	066-0.png	
0.27	0.53	15.11	3.74	2.35	147.69	30	066-1.png	
0.48	1.99	17.62	2.86	1.22	153.0	-5	067-0.png	
-0.22	0.8	19.9	2.39	1.18	194.51	15	068-0.png	
0.02	1.4	12.83	3.74	1.01	156.59	-15	069-0.png	
0.18	1.26	14.25	3.79	1.89	171.1	30	070-0.png	
-0.18	0.89	19.11	2.55	0.95	207.33	45	071-0.png	
0.24	3.42	12.27	4.41	1.46	148.94	30	072-0.png	
-0.07	1.34	23.83	1.99	0.76	189.26	45	073-0.png	
0.4	0.7	21.56	2.16	0.88	211.77	15	074-0.png	
0.22	1.94	17.5	2.82	0.88	199.37	180	075-0.png	
0.27	1.72	12.2	4.61	1.83	156.0	30	076-0.png	
0.41	2.31	13.44	4.05	1.27	140.01	5	077-0.png	
-0.66	0.88	21.67	1.96	0.97	201.72	30	078-0.png	
0.37	1.64	20.78	2.24	1.21	129.23	180	079-0.png	
0.19	0.4	25.3	2.03	1.21	148.96	30	080-0.png	
0.23	1.61	16.14	3.2	0.96	172.76	30	081-0.png	
-0.32	0.89	15.71	3.2	1.12	144.14	180	081-1.png	
0.12	2.14	22.0	2.18	1.1	165.15	30	082-0.png	
0.47	3.04	16.78	3.17	2.55	163.55	180	083-0.png	
0.28	2.3	20.0	2.51	1.22	158.78	5	084-0.png	
0.54	1.44	19.5	2.54	1.26	149.05	15	084-1.png	
0.82	5.68	9.5	5.86	2.0	159.04	180	085-0.png	
0.56	10.03	8.38	6.93	2.57	160.28	180	085-1.png	
0.43	10.93	9.33	6.02	2.1	157.87	180	085-2.png	
0.21	12.19	8.29	6.98	2.39	158.5	180	085-3.png	
0.46	7.44	9.0	6.0	2.41	162.33	180	085-4.png	
0.39	4.13	7.5	7.93	2.09	151.31	0	085-5.png	
0.53	1.35	17.0	3.09	1.4	162.83	30	086-0.png	
0.02	2.64	9.86	5.67	3.09	145.28	15	087-0.png	
0.15	2.67	10.86	5.09	2.6	150.25	30	087-1.png	
0.1	7.91	9.86	5.78	2.62	145.62	30	087-2.png	
-0.06	2.01	19.88	2.55	1.3	160.1	15	088-0.png	
0.26	0.39	20.62	2.48	0.85	160.82	15	088-1.png	
0.1	1.5	22.67	2.22	0.83	172.03	15	088-2.png	
0.12	0.28	17.78	2.97	1.01	157.86	30	089-0.png	
0.47	1.33	18.8	2.64	0.9	158.01	30	089-1.png	
-0.13	0.79	17.73	2.91	0.85	155.24	30	089-2.png	
0.25	3.86	13.71	4.06	1.56	127.47	15	090-0.png	
-0.01	4.31	12.75	4.33	1.38	125.35	15	090-1.png	
0.09	3.81	14.71	3.54	1.22	129.61	180	090-2.png	
-0.12	3.24	10.82	5.29	2.21	184.81	0	091-0.png	
-0.0	7.04	10.36	5.48	1.99	183.96	-5	091-2.png	
0.32	1.65	17.0	2.96	1.19	178.91	0	092-0.png	
0.23	0.82	17.0	3.1	1.26	176.63	5	092-1.png	
-0.11	1.44	17.33	3.08	1.2	180.5	15	092-2.png	
-0.19	2.3	18.25	2.77	1.1	196.74	45	093-0.png	
0.18	0.19	20.75	2.37	1.06	193.02	45	093-1.png	
0.03	1.77	19.22	2.62	1.19	193.65	45	093-2.png	
0.28	0.26	19.33	2.74	1.17	155.9	180	094-0.png	
0.26	1.69	18.89	2.78	1.34	158.41	180	094-1.png	
0.0	2.16	18.5	2.84	1.56	157.69	180	094-2.png	
-0.09	3.96	15.9	3.32	1.49	142.29	45	095-0.png	
-0.36	1.62	14.18	3.9	1.33	153.94	45	095-1.png	
0.21	1.04	21.22	2.22	0.95	156.12	15	096-0.png	
0.54	2.26	15.5	3.43	1.38	183.3	0	097-0.png	
0.25	2.59	13.14	4.26	1.96	130.7	30	098-0.png	
0.23	1.66	9.67	5.93	2.5	137.02	45	099-0.png	
0.28	2.77	14.43	3.72	1.53	186.9	-15	100-0.png	
0.09	2.82	16.33	3.02	0.92	206.77	180	102-0.png	
0.3	3.07	15.0	3.37	0.91	194.53	0	102-1.png	
0.45	3.83	13.3	4.18	1.76	142.98	180	103-0.png	
0.37	2.29	15.7	3.48	1.09	147.66	30	104-0.png	
0.53	0.48	27.33	1.66	0.79	129.25	15	105-0.png	
0.61	3.09	14.89	3.83	1.55	139.27	5	106-0.png	
0.76	2.14	13.57	3.84	1.17	174.09	-15	107-0.png	
0.2	4.1	10.73	5.44	1.49	174.51	-15	107-1.png	
0.43	4.25	12.22	4.79	1.31	175.0	-15	107-2.png	
0.04	4.36	11.0	5.21	1.43	174.9	-15	107-3.png	
0.78	1.13	21.29	2.28	0.89	198.91	180	108-0.png	
-0.02	2.7	22.2	2.09	0.84	200.38	5	108-1.png	
0.62	2.23	21.5	2.22	0.81	202.59	5	108-2.png	
0.2	3.17	20.8	2.3	0.88	202.75	5	108-3.png	
0.58	3.29	14.0	3.88	1.46	150.77	0	109-0.png	
0.21	2.03	16.71	3.15	1.22	153.27	0	109-1.png	
0.12	3.32	13.57	4.09	1.52	149.65	180	109-2.png	
0.08	5.0	12.0	4.49	1.5	154.23	0	109-3.png	
0.0	1.97	12.17	5.1	3.19	151.37	0	110-0.png	
-0.27	1.56	14.75	4.03	1.93	153.91	0	110-1.png	
-1.13	1.81	15.43	3.75	2.3	155.52	180	110-2.png	
0.14	2.27	11.43	5.5	3.28	151.66	0	110-3.png	
0.41	1.4	19.22	2.47	0.85	195.35	180	111-0.png	
0.11	1.59	16.38	3.05	1.06	194.96	180	111-1.png	
0.12	2.65	15.86	3.0	1.17	192.57	180	111-2.png	
0.26	2.81	16.0	3.06	1.22	192.14	0	111-3.png	
0.29	1.21	17.4	2.98	1.32	166.14	180	112-0.png	
0.12	1.74	17.22	3.2	1.36	166.51	0	112-1.png	
0.38	2.0	16.0	3.54	1.63	165.74	180	112-2.png	
-0.09	0.24	16.62	3.31	1.45	167.16	180	112-3.png	
-0.03	2.5	14.78	3.81	1.45	176.34	180	113-0.png	
0.34	4.42	13.57	4.17	2.39	174.7	180	113-1.png	
0.07	2.91	15.44	3.45	2.09	161.01	180	113-2.png	
0.33	4.05	14.57	3.82	2.1	162.13	180	113-3.png	
0.62	2.23	16.62	3.26	1.1	164.11	0	114-0.png	
0.27	1.78	16.86	3.22	1.28	162.3	180	114-1.png	
0.16	1.7	16.43	3.36	1.21	160.56	0	114-2.png	
0.0	1.29	17.0	2.88	1.26	161.41	0	114-3.png	
0.31	4.38	17.8	2.57	0.62	173.2	45	115-0.png	
0.47	3.37	21.09	2.26	0.83	209.01	15	116-0.png	
0.58	2.22	17.11	3.05	1.23	205.1	180	117-0.png	
0.55	2.94	21.4	2.14	0.94	204.07	0	117-1.png	
0.6	1.7	18.2	2.76	1.19	203.34	0	117-2.png	
0.49	2.39	19.62	2.57	1.09	204.49	0	117-3.png	
0.17	5.71	11.2	4.59	1.72	152.88	45	118-0.png	
0.28	4.08	12.0	4.43	1.56	154.32	45	118-1.png	
0.23	4.51	14.4	3.31	1.18	153.84	45	118-2.png	
0.33	3.86	12.17	4.45	1.36	155.88	45	118-3.png	
0.11	5.45	11.0	4.95	1.64	151.36	45	118-4.png	
0.09	6.5	12.0	4.46	1.46	154.6	30	118-5.png	
0.38	2.56	11.33	11.18	1.53	158.01	30	118-6.png	
0.12	0.95	13.64	4.03	1.44	151.13	-15	119-0.png	
0.31	1.44	13.2	4.2	1.86	157.17	-15	119-1.png	
0.02	1.92	15.6	3.19	1.33	171.08	0	120-0.png	
-1.16	1.91	17.78	2.92	1.28	140.59	180	121-0.png	
0.15	1.38	24.7	1.73	0.96	175.99	180	121-1.png	
-0.01	0.93	26.88	1.65	0.7	173.39	30	122-0.png	
0.05	3.45	14.5	3.66	1.34	176.1	30	123-0.png	
0.34	3.17	14.5	3.56	1.42	176.26	45	123-1.png	
0.25	3.36	14.0	3.84	1.39	178.16	30	123-2.png	
0.19	2.11	13.25	4.08	1.37	176.81	30	123-3.png	
0.06	4.04	12.62	4.29	1.51	152.48	30	123-4.png	
0.03	2.0	18.5	2.78	0.98	138.2	0	124-0.png	
0.17	3.85	17.9	2.83	0.96	138.88	0	124-1.png	
-0.18	1.78	16.82	3.2	1.11	139.41	0	124-2.png	
-0.2	2.1	17.14	3.09	0.94	136.17	0	124-3.png	
-0.14	0.33	21.0	2.39	1.24	167.18	5	125-0.png	
-0.08	0.32	18.92	2.52	1.67	163.04	5	125-1.png	
0.07	0.0	18.89	2.62	1.66	153.87	5	125-2.png	
-0.14	0.94	20.12	2.52	1.3	161.22	5	125-3.png	
-0.02	3.42	17.83	2.9	0.87	161.51	180	126-0.png	
-0.63	1.79	19.5	2.57	0.83	164.45	180	126-1.png	
-0.05	1.75	20.0	2.48	0.93	164.05	180	126-2.png	
0.0	1.18	15.25	2.86	1.14	163.71	180	126-3.png	
-0.19	4.92	18.29	2.74	0.87	164.06	180	126-4.png	
0.09	2.64	16.64	3.1	1.46	151.06	-5	127-0.png	
-0.04	2.69	15.64	3.44	1.61	143.45	-5	127-1.png	
0.02	1.33	15.0	3.67	1.5	139.97	-5	127-2.png	
0.1	1.23	25.2	1.51	1.02	141.35	-5	128-0.png	
0.43	2.65	27.2	1.62	0.88	133.4	-5	128-1.png	
-0.06	0.65	26.0	1.7	0.81	124.21	-5	128-2.png	
0.08	2.82	26.2	1.71	0.97	126.5	-5	128-3.png	
0.01	0.7	27.11	1.64	0.76	125.05	-5	128-4.png	
0.0	1.83	33.3	1.29	1.15	148.83	180	129-0.png	
-0.13	1.7	30.0	1.46	1.08	151.09	180	129-1.png	
0.0	1.46	30.1	1.46	1.19	152.62	180	129-2.png	
0.25	0.59	30.7	1.39	1.16	150.38	0	129-3.png	
-0.15	2.65	18.14	2.87	1.25	160.88	45	130-0.png	
0.37	1.42	14.8	3.71	1.95	160.24	45	130-1.png	
0.54	0.62	16.0	3.31	1.66	163.25	45	130-2.png	
-0.44	1.93	14.0	3.42	1.78	159.43	45	130-3.png	
-0.06	2.04	14.71	3.7	1.81	162.51	45	130-4.png	
0.22	1.6	18.09	2.82	0.91	136.46	15	131-0.png	
0.28	1.68	17.82	2.86	0.92	136.91	15	131-1.png	
0.52	2.72	18.0	2.74	0.97	135.42	15	131-2.png	
0.2	2.6	17.71	2.77	0.91	135.01	15	131-3.png	
-0.47	1.31	22.88	2.45	1.59	166.24	30	132-0.png	
-0.56	0.72	22.2	2.21	1.0	164.98	30	132-1.png	
-0.12	0.45	17.75	2.53	1.74	161.78	30	132-2.png	
0.08	1.5	20.0	2.53	0.92	153.77	30	132-3.png	
0.25	2.56	16.4	3.11	1.85	168.13	45	133-0.png	
0.31	5.05	18.4	2.77	1.63	166.35	15	133-1.png	
1.36	2.0	17.0	3.11	1.97	164.57	15	133-2.png	
0.57	4.36	17.9	2.85	1.64	167.83	15	133-3.png	
0.4	1.54	16.91	3.12	1.5	166.22	15	133-4.png	
0.25	4.25	12.0	4.85	2.49	146.53	30	134-0.png	
0.03	5.89	11.71	4.98	2.14	145.7	30	134-1.png	
-0.03	3.17	20.82	2.34	1.54	147.27	0	135-0.png	
-0.64	2.22	21.2	2.34	1.14	150.53	5	135-1.png	
-0.08	2.2	16.4	3.16	1.31	145.91	45	136-0.png	
0.05	1.43	18.9	2.66	1.1	161.01	0	137-0.png	
-0.47	4.26	10.56	5.4	2.31	133.91	0	138-0.png	
-0.26	2.71	13.67	3.94	1.91	139.26	-5	139-0.png	
0.59	5.48	14.6	3.74	1.88	136.16	0	139-1.png	
0.1	5.09	16.7	3.14	1.1	146.89	0	140-0.png	
-0.37	3.27	16.5	3.62	1.27	147.83	180	140-1.png	
0.64	3.98	8.29	9.69	2.55	135.26	-5	141-0.png	
0.45	1.47	16.33	3.15	1.14	192.82	30	142-0.png	
-0.05	4.41	13.17	4.06	1.89	156.45	15	143-0.png	
0.13	1.11	24.4	1.92	0.99	169.3	15	144-0.png	
0.01	1.1	17.33	2.92	1.34	152.06	30	145-0.png	
0.65	7.3	14.8	3.46	2.01	154.19	0	146-0.png	
0.28	1.66	16.3	3.25	0.99	164.52	30	147-0.png	
0.06	2.23	17.5	2.98	1.22	153.78	-15	148-0.png	
0.49	5.95	8.57	6.87	1.67	182.21	-30	149-0.png	
-0.01	1.42	19.75	2.6	1.32	141.69	-5	150-0.png	
0.03	1.2	19.11	2.66	1.19	139.95	-5	150-1.png	
-0.14	1.47	19.0	2.66	1.24	135.82	0	150-2.png	
0.11	1.3	19.2	2.64	1.51	140.64	-5	150-3.png	
-0.12	1.42	19.7	2.53	1.3	138.29	-5	150-4.png	
0.21	1.72	17.4	3.01	1.53	141.9	-5	150-5.png	
0.07	1.96	17.38	2.92	1.4	139.73	-5	150-6.png	
-0.26	1.52	17.12	3.03	1.41	140.74	-5	150-7.png	
-0.03	1.14	19.3	2.66	1.2	139.18	-5	150-8.png	
0.04	1.39	19.38	2.64	1.42	139.95	-5	150-9.png	
0.23	1.4	20.0	2.29	0.78	203.4	30	151-0.png	
-0.06	1.65	18.75	2.66	0.81	201.89	30	151-1.png	
-0.15	0.29	17.25	3.13	0.99	199.41	30	151-10.png	
0.19	1.18	17.86	2.94	0.89	201.23	30	151-2.png	
0.18	5.29	15.7	3.34	0.95	200.79	30	151-3.png	
0.07	4.88	14.12	3.98	0.96	202.43	30	151-4.png	
0.07	0.52	15.4	3.45	1.01	199.59	45	151-5.png	
-0.08	0.85	20.0	2.48	0.75	200.68	45	151-6.png	
0.1	1.05	18.12	2.8	0.84	201.18	45	151-7.png	
0.21	0.72	19.56	2.55	0.82	200.64	45	151-8.png	
0.22	0.99	21.14	2.38	1.43	143.38	15	152-0.png	
-0.11	0.9	22.22	2.23	1.22	141.77	15	152-1.png	
0.37	0.81	23.38	2.07	1.36	143.91	15	152-2.png	
0.19	4.35	19.1	2.68	1.9	137.54	15	152-3.png	
-0.03	0.51	17.8	2.82	1.54	140.82	15	152-4.png	
-0.15	0.28	21.33	2.34	1.32	136.65	15	152-5.png	
-0.22	1.08	21.29	2.26	1.34	138.96	15	152-6.png	
0.34	1.25	20.88	2.28	1.36	139.48	15	152-7.png	
0.38	0.99	21.11	2.42	1.24	139.78	15	152-8.png	
0.19	2.3	20.43	2.45	1.28	137.91	15	152-9.png	
0.08	1.69	16.0	3.34	1.3	178.26	30	153-0.png	
0.12	2.01	15.89	3.36	1.28	179.7	30	153-1.png	
-0.07	1.96	17.33	3.01	1.16	194.41	30	153-2.png	
0.26	1.15	15.6	3.25	1.36	175.25	30	153-3.png	
-0.31	0.94	16.0	3.34	1.42	179.57	30	153-4.png	
-0.02	0.63	18.9	2.63	1.09	197.62	30	153-5.png	
-0.1	1.49	18.75	2.62	1.04	191.52	30	153-6.png	
0.4	0.31	19.22	2.6	1.23	194.12	45	153-7.png	
0.12	1.81	17.73	2.82	1.15	187.67	45	153-8.png	
-0.12	3.1	16.11	3.36	1.35	176.61	30	153-9.png	
-0.12	0.98	19.38	2.65	0.96	152.96	30	154-0.png	
0.04	0.97	19.56	2.6	0.91	153.92	30	154-1.png	
-0.23	0.67	20.88	2.43	0.87	153.9	30	154-2.png	
0.29	0.57	19.18	2.66	0.91	151.99	30	154-3.png	
0.07	0.55	18.27	2.8	0.94	151.99	30	154-4.png	
0.58	0.72	20.9	2.44	0.94	147.28	30	154-5.png	
0.08	1.6	19.38	2.56	1.3	151.18	30	154-6.png	
-0.09	1.37	18.22	2.8	1.0	150.43	30	154-7.png	
0.02	1.21	20.7	2.43	0.85	150.58	30	154-8.png	
-0.18	2.02	21.25	2.32	0.84	151.06	30	154-9.png	
0.03	4.03	17.88	2.9	0.83	160.43	-15	155-0.png	
0.03	4.06	18.0	2.88	0.93	162.5	-30	155-1.png	
0.03	3.94	17.25	3.26	0.94	163.1	-30	155-2.png	
-0.03	3.07	16.6	3.18	1.41	161.72	-30	155-3.png	
0.11	3.35	18.5	2.7	0.87	159.85	-30	155-4.png	
0.14	4.56	17.33	2.85	0.96	160.02	-15	155-5.png	
0.1	4.11	17.5	2.68	0.9	162.01	-30	155-6.png	
-0.05	4.15	17.11	3.01	1.03	162.02	-30	155-7.png	
-0.13	1.18	18.67	2.74	0.98	160.77	-15	155-8.png	
0.16	1.45	24.12	1.84	1.1	213.42	15	156-0.png	
0.33	5.67	10.4	5.06	2.02	149.29	-5	157-0.png	
-0.08	2.95	9.5	6.16	2.3	146.11	0	157-1.png	
0.71	6.42	12.0	4.83	1.63	146.16	180	158-0.png	
0.47	3.16	15.17	3.38	1.48	190.44	180	158-1.png	
-0.26	5.47	9.14	7.56	1.82	151.43	180	158-2.png	
0.07	1.41	15.57	4.06	1.41	160.34	-5	159-0.png	
-0.41	1.49	14.75	3.6	1.84	163.04	-15	159-1.png	
0.15	3.03	15.2	3.2	1.13	171.73	-5	160-0.png	
0.46	1.01	15.88	3.34	1.05	176.44	-5	160-1.png	
0.29	1.25	16.0	3.3	2.25	140.45	180	161-0.png	
0.21	1.26	17.44	2.42	1.22	138.62	180	161-1.png	
0.28	0.98	20.33	2.38	1.32	176.46	30	162-0.png	
0.47	1.52	21.11	2.23	1.26	177.17	30	162-1.png	
0.21	3.21	12.14	4.45	1.74	173.06	15	163-0.png	
-0.12	2.62	13.0	4.04	1.66	179.91	0	163-1.png	
0.39	4.44	14.43	3.8	1.45	163.63	0	164-0.png	
0.75	3.18	16.38	3.22	1.31	160.15	180	164-1.png	
0.02	1.45	21.43	2.25	1.02	158.96	180	165-0.png	
0.37	0.82	23.25	2.04	0.93	159.98	180	165-1.png	
-0.01	1.99	15.57	3.28	1.1	184.39	180	166-0.png	
-0.03	2.11	17.5	2.8	1.03	188.66	180	166-1.png	
0.4	1.47	17.0	3.09	1.59	182.05	45	167-0.png	
0.52	4.0	14.0	3.32	0.78	173.12	180	168-0.png	
0.26	5.71	10.5	4.71	0.98	172.99	180	168-1.png	
0.23	2.71	11.8	5.98	1.91	136.56	15	169-0.png	
0.35	1.1	11.86	4.77	1.23	137.74	15	169-1.png	
0.06	0.67	19.38	2.65	1.1	153.56	-15	170-0.png	
0.03	0.86	18.57	4.73	0.92	153.79	-5	170-1.png	
-0.34	1.65	20.0	2.5	1.36	165.32	5	171-0.png	
-0.05	0.4	19.8	2.55	1.28	168.71	15	171-1.png	
-0.29	3.43	14.0	3.98	1.24	150.49	-5	172-0.png	
0.28	1.94	13.4	4.01	1.42	148.2	180	172-1.png	
-0.09	2.1	20.0	2.35	1.26	206.11	30	173-0.png	
0.01	1.79	20.7	2.35	1.17	208.69	30	173-1.png	
0.14	1.97	21.3	2.26	1.25	207.88	30	173-2.png	
0.05	2.12	19.8	2.42	1.23	211.17	30	173-3.png	
-0.02	1.89	21.7	2.18	1.15	212.73	30	173-4.png	
0.12	3.65	17.25	3.12	1.0	144.84	15	174-0.png	
0.56	1.8	19.4	2.54	0.96	143.03	15	174-1.png	
0.39	2.28	15.8	3.34	1.04	142.78	15	174-2.png	
-0.51	1.1	16.33	3.28	1.0	143.73	15	174-3.png	
0.26	2.92	15.4	3.36	1.02	145.82	15	174-4.png	
0.35	1.86	19.88	2.54	0.86	170.19	0	174-5.png	
-0.21	4.82	11.0	4.77	1.03	146.82	30	175-0.png	
-0.47	0.82	12.17	4.56	0.82	148.76	30	175-1.png	
0.06	2.25	16.0	3.23	0.92	195.06	-5	176-0.png	
-0.09	4.51	17.5	2.95	0.99	171.54	15	177-0.png	
-0.18	0.28	17.88	2.84	0.99	163.97	15	177-1.png	
0.11	0.99	14.11	3.96	1.37	141.17	0	178-0.png	
0.43	3.28	13.7	4.0	1.36	136.03	180	178-1.png	
-0.15	3.75	23.71	1.9	0.73	197.1	-15	179-0.png	
0.08	3.91	23.29	1.93	0.69	195.81	-15	179-1.png	
-0.21	1.71	12.29	4.47	1.52	153.38	180	180-0.png	
0.15	0.53	13.22	4.18	1.64	156.42	0	180-1.png	
0.15	1.38	22.43	2.11	0.89	195.06	15	181-0.png	
0.02	0.86	17.38	3.01	1.13	174.32	15	181-1.png	
0.07	0.78	24.3	1.83	0.88	194.01	15	181-2.png	
-0.16	5.77	10.22	5.59	2.33	135.49	45	182-0.png	
0.51	1.61	16.78	2.99	0.96	129.84	30	183-0.png	
0.34	2.67	12.0	4.62	1.72	131.61	-15	184-0.png	
-0.34	5.23	10.33	5.55	1.65	129.58	-15	184-1.png	
-0.13	3.38	8.0	7.91	2.39	146.23	0	185-0.png	
-0.03	4.32	8.11	7.51	2.08	151.44	-5	185-1.png	
0.06	3.21	11.83	5.21	1.72	149.28	180	186-0.png	
0.08	3.83	13.57	3.93	1.74	148.56	180	186-1.png	
0.08	0.0	17.73	2.91	1.83	154.0	180	187-0.png	
0.26	2.19	16.43	3.33	1.48	149.85	15	187-1.png	
0.53	1.8	13.88	3.8	1.34	174.98	180	188-0.png	
0.16	0.44	13.6	3.84	1.36	176.4	180	188-1.png	
0.18	3.2	12.5	4.25	1.25	169.41	180	189-0.png	
0.21	2.44	9.0	6.56	1.39	133.99	0	190-0.png	
-0.04	4.89	9.4	5.94	1.23	130.77	0	190-1.png	
0.46	1.06	18.8	2.77	1.4	172.1	5	191-0.png	
-0.02	1.33	17.25	2.96	1.89	138.82	5	192-0.png	
0.14	0.21	19.1	2.66	1.29	138.94	5	192-1.png	
-0.01	2.88	16.0	3.38	1.27	169.64	5	193-0.png	
-0.08	2.82	17.0	3.08	1.11	162.71	5	193-1.png	
0.52	1.85	17.27	2.97	1.28	161.23	180	193-2.png	
0.37	1.66	18.64	2.77	1.08	166.54	180	193-3.png	
-0.08	1.38	15.17	3.32	1.05	155.84	0	194-0.png	
0.27	1.44	13.88	3.84	1.2	146.18	0	194-1.png	
0.62	2.5	15.57	3.29	0.74	151.37	-15	195-0.png	
-0.14	2.39	13.83	3.77	0.91	148.7	-15	195-1.png	
-0.29	2.18	18.33	2.42	1.62	174.04	180	196-0.png	
0.21	2.52	10.71	5.12	1.15	157.84	0	197-0.png	
-0.17	2.66	10.17	5.36	1.07	155.35	180	197-1.png	
0.24	2.28	18.0	2.73	1.16	177.34	-15	198-0.png	
-0.31	2.45	16.71	2.99	1.34	182.66	-15	198-1.png	
0.37	1.98	16.62	3.05	1.19	179.6	15	199-0.png	
0.33	1.02	18.67	2.68	0.89	170.67	15	199-1.png	
-0.04	1.53	18.33	2.7	1.02	180.48	15	199-2.png	
0.77	1.65	17.56	2.98	1.02	180.21	30	199-3.png	
0.29	5.8	12.25	4.64	2.82	182.07	0	200-0.png	
0.21	3.0	13.67	4.04	1.51	141.98	15	201-0.png	
0.1	2.89	15.2	3.47	1.68	156.0	-5	202-0.png	
0.02	2.8	14.64	3.73	1.77	157.86	-5	202-1.png	
0.46	3.54	16.4	3.2	1.65	158.89	-5	202-2.png	
0.15	3.06	15.36	3.47	1.8	158.57	0	202-3.png	
0.17	3.66	15.3	3.5	1.92	157.6	-5	202-4.png	
0.27	1.38	16.0	3.36	1.73	199.4	30	203-0.png	
-0.18	2.86	14.33	3.76	1.69	200.7	15	203-1.png	
0.27	1.41	16.33	3.22	1.46	200.66	15	203-2.png	
0.13	1.27	17.38	3.07	1.8	200.71	15	203-3.png	
0.57	3.87	15.5	3.57	1.62	199.01	15	203-4.png	
0.29	2.16	22.7	2.13	1.0	159.34	30	204-0.png	
0.41	0.6	23.36	2.07	1.15	161.57	45	204-1.png	
0.3	0.49	26.36	1.72	0.84	162.02	45	204-3.png	
0.0	2.19	24.7	1.89	0.9	163.76	45	204-4.png	
-0.26	1.17	25.64	1.83	1.2	162.05	45	204-5.png	
0.07	1.61	23.62	2.05	0.96	169.63	30	205-0.png	
0.01	0.68	23.5	2.1	1.2	169.38	30	205-1.png	
1.07	0.71	25.4	1.86	1.31	170.45	30	205-2.png	
0.48	2.0	25.0	1.88	1.14	170.65	30	205-3.png	
-0.01	1.72	22.7	2.04	1.08	170.56	30	205-4.png	
0.52	2.52	16.29	3.33	1.33	139.3	45	206-0.png	
0.35	1.34	17.22	3.08	1.34	139.23	45	206-1.png	
-0.23	0.79	17.67	2.01	1.08	137.65	30	206-2.png	
0.05	3.87	15.5	3.45	1.5	137.19	30	206-3.png	
0.2	4.14	18.36	2.7	1.32	139.33	45	206-4.png	
0.09	1.65	26.0	1.64	0.0	155.67	-15	207-0.png	
0.34	2.54	27.9	1.57	0.5	157.02	-15	207-1.png	
-0.06	2.22	17.56	2.97	1.0	169.81	5	207-2.png	
0.16	1.41	27.0	1.59	0.59	156.62	-30	207-3.png	
-0.07	0.54	27.9	1.5	0.0	157.34	-15	207-4.png	
0.31	1.58	27.2	1.55	0.62	156.22	-30	207-5.png	
-0.17	1.59	22.0	2.12	0.63	185.29	45	208-0.png	
-0.4	1.41	21.33	2.3	0.63	191.48	45	208-1.png	
-0.12	1.5	22.73	2.12	0.7	190.12	45	208-2.png	
-0.45	1.16	22.5	2.06	0.73	192.31	45	208-3.png	
-0.54	1.47	23.78	1.98	1.12	192.2	45	208-4.png	
-0.39	2.56	19.12	2.69	0.91	170.73	5	209-0.png	
0.04	0.8	20.0	2.56	0.9	170.92	5	209-1.png	
0.26	2.13	18.78	2.76	0.92	169.81	0	209-2.png	
-0.57	0.99	18.1	2.91	0.94	166.82	5	209-3.png	
-0.02	2.63	16.38	3.15	1.0	171.1	5	209-4.png	
0.2	4.77	12.17	5.51	1.56	136.34	180	210-0.png	
-0.26	2.89	12.44	4.56	1.42	139.33	0	210-1.png	
-0.13	2.59	19.29	2.68	1.36	199.4	30	211-0.png	
0.87	1.14	26.27	1.73	1.09	197.92	15	211-1.png	
0.05	3.47	10.67	5.16	1.74	176.65	180	212-0.png	
0.11	3.44	10.45	5.58	1.75	174.02	5	212-1.png	
-0.13	6.78	9.0	6.35	2.04	156.22	180	212-2.png	
-0.31	4.43	12.86	4.28	1.87	155.95	15	213-0.png	
0.34	5.83	12.86	4.18	1.71	157.0	5	213-1.png	
0.03	4.67	12.0	4.67	1.81	154.93	0	213-2.png	
0.17	3.39	11.5	4.68	1.97	189.34	180	214-0.png	
-0.16	3.66	12.29	4.52	1.7	188.33	0	214-1.png	
0.29	2.59	18.12	2.7	1.1	153.25	180	215-0.png	
-0.07	2.15	17.67	2.89	0.99	150.86	180	215-1.png	
-0.6	0.88	16.0	3.17	1.49	178.77	15	216-0.png	
-0.3	2.91	17.5	2.82	1.53	176.28	15	216-1.png	
0.1	7.02	16.25	3.32	2.05	188.1	180	217-0.png	
0.27	0.64	15.57	3.47	1.59	190.09	15	217-1.png	
0.05	6.39	15.33	3.46	1.85	185.3	0	217-2.png	
-0.21	2.15	16.25	3.38	1.48	136.03	15	218-0.png	
0.42	3.82	14.67	3.53	1.07	124.69	-5	219-0.png	
0.16	2.48	20.57	2.4	1.4	185.57	180	220-0.png	
0.0	2.96	12.82	3.62	2.2	132.08	30	221-0.png	
0.3	3.69	14.91	3.69	2.08	152.64	-5	222-0.png	
0.45	2.01	11.45	4.95	1.79	133.01	180	223-0.png	
-0.13	1.6	15.67	3.4	2.07	166.05	0	224-0.png	
0.21	1.81	14.33	3.73	1.76	158.21	15	225-0.png	
0.25	2.16	18.5	2.84	1.16	203.72	30	226-0.png	
0.21	4.3	15.8	3.39	2.79	184.88	15	227-0.png	
0.11	0.07	13.86	3.85	1.35	159.92	30	228-0.png	
0.13	2.15	17.67	3.11	1.1	130.92	180	229-0.png	
-0.14	1.78	19.71	2.46	0.87	194.49	0	230-0.png	
0.01	2.53	19.0	2.05	0.84	192.84	180	230-1.png	
0.44	3.06	15.7	3.01	1.83	177.79	0	231-0.png	
0.68	4.03	16.12	3.29	1.9	172.32	180	231-1.png	
0.27	4.19	15.5	3.5	1.89	168.82	180	232-0.png	
-0.2	3.66	15.57	3.6	2.08	169.46	0	232-1.png	
-0.59	3.67	17.43	3.13	1.54	171.89	15	233-0.png	
-0.34	2.31	17.29	3.13	1.49	170.09	15	233-1.png	
-0.37	2.29	16.62	3.08	0.77	134.73	30	234-0.png	
0.28	4.09	14.43	3.73	1.0	135.86	30	234-1.png	
-0.32	1.47	19.75	2.35	0.76	190.17	45	235-0.png	
0.25	2.02	20.25	2.25	0.76	188.17	30	235-1.png	
-0.55	2.18	15.17	3.68	1.72	184.82	0	236-0.png	
-0.02	3.54	17.5	2.83	0.69	177.98	-15	237-0.png	
-0.05	3.35	16.14	2.91	0.76	176.22	-15	237-1.png	
0.43	2.45	17.11	3.12	2.77	208.54	180	238-0.png	
-0.37	4.28	12.14	4.34	1.94	149.75	30	239-0.png	
0.34	3.14	14.0	4.01	2.03	149.39	30	239-1.png	
0.01	5.44	14.7	3.84	2.11	154.46	15	239-2.png	
-0.11	0.79	14.0	3.84	1.72	159.32	15	239-3.png	
0.01	3.73	15.0	3.43	1.16	177.22	5	240-0.png	
0.72	1.73	12.75	4.13	1.68	177.1	0	240-1.png	
0.02	3.78	14.83	3.62	1.74	162.4	180	241-0.png	
0.13	3.98	14.57	3.75	1.73	165.02	0	241-1.png	
0.06	4.12	14.57	3.73	1.6	165.87	180	241-2.png	
0.24	6.51	12.75	3.73	1.83	165.88	180	241-3.png	
-0.22	3.36	17.29	3.08	0.95	164.61	5	242-0.png	
-0.12	3.36	17.29	3.11	0.93	159.43	5	242-1.png	
0.86	2.51	18.75	2.84	0.75	156.32	15	242-2.png	
-0.15	3.31	16.6	3.12	1.12	156.74	30	243-0.png	
-0.13	2.88	16.33	3.06	1.14	151.68	15	243-1.png	
-0.2	2.89	16.29	3.19	1.03	157.99	30	243-2.png	
-0.29	2.19	16.0	3.28	1.16	137.79	180	244-0.png	
-0.39	1.01	15.89	2.79	1.74	157.11	15	245-0.png	
0.02	2.8	13.91	4.1	1.72	167.71	30	246-0.png	
-0.32	1.97	13.73	4.07	1.54	166.61	30	246-1.png	
-0.22	0.23	13.0	4.26	1.58	167.76	30	246-2.png	
-0.35	2.0	13.5	3.92	1.57	168.26	30	246-3.png	
-0.17	3.33	14.1	3.94	1.23	202.26	45	247-0.png	
-0.15	1.8	15.0	3.59	0.96	196.28	45	247-1.png	
-0.43	1.69	15.36	3.55	1.32	198.14	45	247-2.png	
-0.23	2.93	14.7	3.76	0.94	198.13	45	247-3.png	
-0.27	3.1	14.2	3.81	1.01	197.56	45	247-4.png	
0.15	3.72	12.62	4.36	1.68	179.83	15	248-0.png	
0.35	1.86	11.8	4.76	1.54	178.7	15	248-1.png	
-0.3	2.24	13.4	3.93	1.55	180.14	15	248-2.png	
-0.17	5.79	12.43	4.38	1.63	177.47	15	248-3.png	
-0.3	2.12	13.2	4.19	1.65	178.49	15	248-4.png	
-0.17	3.41	20.83	2.39	1.49	183.3	30	249-0.png	
-0.24	4.41	10.88	5.56	2.01	187.78	5	250-0.png	
-0.0	2.26	11.5	5.33	1.85	190.5	15	250-1.png	
0.33	2.47	29.2	1.43	0.68	217.96	15	251-0.png	
0.21	1.44	17.33	3.05	1.55	190.36	15	252-0.png	
0.08	2.34	17.09	2.93	1.05	182.48	180	253-0.png	
-0.44	0.84	21.33	3.13	1.64	195.67	30	254-0.png	
0.0	0.74	13.44	3.36	2.48	200.19	30	254-1.png	
-0.53	1.6	19.36	2.74	1.52	193.71	30	255-0.png	
-0.15	0.6	18.43	2.74	0.97	166.32	180	256-0.png	
0.3	2.43	18.12	2.81	0.91	166.96	180	256-1.png	
-0.03	3.15	13.0	4.25	0.94	132.02	45	257-0.png	
0.27	7.02	8.83	6.38	1.33	129.92	0	258-0.png	
0.29	1.51	18.56	2.84	1.33	185.41	30	259-0.png	
0.42	1.36	17.69	2.59	1.48	170.11	30	259-1.png	
0.38	2.64	14.0	3.83	1.27	137.94	30	260-0.png	
0.39	3.14	14.0	3.79	1.22	145.23	180	261-0.png	
-0.26	1.35	14.11	3.95	2.04	132.96	15	262-0.png	
0.47	4.84	6.4	10.38	2.48	123.8	45	263-0.png	
-0.1	1.9	17.9	3.02	0.86	119.43	15	264-0.png	
-0.28	2.51	12.38	5.76	1.33	118.66	0	265-0.png	
0.12	2.04	13.7	4.05	1.95	176.56	180	266-0.png	
0.3	2.51	19.14	2.66	1.1	196.92	15	267-0.png	
-0.19	2.69	14.5	3.77	1.51	154.11	30	268-0.png	
0.1	4.52	9.29	6.29	1.63	126.21	30	269-0.png	
-0.07	5.29	11.14	5.24	1.41	149.45	0	270-0.png	
0.0	1.05	22.0	2.25	1.07	206.48	15	272-0.png	
0.12	0.0	21.09	2.38	1.09	209.0	15	272-1.png	
0.39	0.82	21.88	2.3	1.24	207.51	15	272-2.png	
0.05	1.58	19.67	2.48	0.74	165.68	0	272-3.png	
-0.38	3.87	12.14	4.85	1.8	182.66	15	273-0.png	
0.0	6.93	13.12	4.41	2.77	182.18	15	273-1.png	
-0.22	6.6	12.88	4.5	2.31	175.15	15	273-2.png	
-0.08	9.09	11.67	5.1	2.34	183.21	5	273-3.png	
0.07	6.29	12.25	4.89	2.13	178.74	15	273-4.png	
0.28	3.23	18.86	2.61	0.75	167.91	180	274-0.png	
-0.06	2.91	16.86	3.17	0.89	165.99	0	274-1.png	
0.41	1.69	14.8	3.74	1.02	168.05	180	274-2.png	
0.18	3.47	20.17	2.42	0.71	165.91	180	274-3.png	
0.64	5.09	12.38	4.67	1.39	143.15	180	275-0.png	
1.83	5.89	14.09	3.81	1.36	145.47	-5	275-1.png	
-0.3	3.6	13.33	4.12	0.95	143.82	180	276-0.png	
-0.36	9.92	12.6	4.08	0.95	139.45	180	276-1.png	
0.39	7.03	14.5	3.7	1.64	152.34	0	277-0.png	
0.78	5.27	16.5	3.11	1.56	156.48	-5	277-1.png	
0.2	4.58	15.5	3.23	1.16	196.54	180	278-0.png	
0.28	3.3	14.86	3.58	1.08	194.24	180	278-1.png	
0.37	2.09	14.86	3.71	1.67	171.54	0	279-0.png	
0.13	0.29	17.0	3.18	1.75	175.85	5	279-1.png	
0.01	2.69	16.75	2.95	1.54	173.79	15	280-0.png	
0.06	2.37	18.12	2.67	1.28	171.91	15	280-1.png	
-0.01	3.37	11.86	4.64	1.48	146.95	180	281-0.png	
0.54	3.33	12.6	4.44	1.57	188.76	-15	281-1.png	
-0.01	0.0	27.08	1.45	0.67	174.72	180	282-0.png	
0.07	0.04	24.36	1.82	0.72	175.85	5	282-1.png	
0.5	1.9	12.6	4.36	1.19	184.8	-15	283-0.png	
0.07	4.92	12.8	3.88	1.0	181.91	-15	283-1.png	
-0.26	2.66	11.67	4.41	2.17	131.57	-15	285-0.png	
-0.38	0.75	14.71	3.85	1.85	136.53	-15	285-1.png	
-1.44	2.5	13.62	4.09	1.36	134.65	-15	285-2.png	
0.01	0.07	15.3	3.41	1.9	135.25	-15	285-3.png	
-0.32	0.31	16.0	3.23	1.81	138.01	-15	285-4.png	
-0.23	2.64	19.71	2.62	1.07	183.96	30	286-0.png	
0.25	2.09	19.1	2.29	1.35	185.71	30	286-1.png	
-0.23	2.33	21.0	2.44	1.8	185.57	30	286-2.png	
0.66	0.89	21.4	2.22	1.32	184.38	30	286-3.png	
-0.27	0.73	19.18	2.59	1.05	174.52	-5	287-0.png	
-0.01	0.74	17.64	2.92	1.07	170.0	-5	287-1.png	
-0.03	1.87	17.64	2.94	1.09	165.95	-5	287-2.png	
-0.36	1.86	18.3	2.87	1.13	164.76	-5	287-3.png	
-0.0	1.66	16.27	3.38	1.16	164.06	-5	287-4.png	
0.08	2.04	13.25	4.08	1.16	152.39	-30	288-0.png	
0.21	1.8	12.75	4.31	1.15	158.26	-30	288-1.png	
-0.06	2.02	13.38	4.08	1.06	156.69	-30	288-2.png	
0.1	1.14	14.89	3.5	0.99	160.06	-30	288-3.png	
-0.21	1.11	13.5	3.98	1.1	155.87	-30	288-4.png	
-0.23	1.26	19.08	2.39	1.34	178.93	0	289-0.png	
0.42	0.96	21.92	2.04	1.22	181.34	0	289-1.png	
0.07	2.97	19.22	2.53	1.3	181.02	-15	289-2.png	
-0.05	2.15	20.0	2.37	1.23	179.75	-5	289-3.png	
-0.18	2.98	19.12	2.61	1.3	178.54	-5	289-4.png	
-0.46	1.96	15.78	3.47	1.43	179.54	30	290-0.png	
-0.1	4.59	15.9	3.36	0.87	145.74	180	291-0.png	
0.05	5.31	14.5	3.75	0.97	144.87	180	291-1.png	
-0.18	2.9	14.14	3.76	0.89	146.69	0	291-2.png	
0.15	6.85	14.44	3.75	0.9	147.63	180	291-3.png	
-0.22	2.73	15.73	3.23	1.58	160.55	-15	292-0.png	
-0.24	1.49	15.45	3.05	1.61	161.46	-15	292-1.png	
-0.05	4.05	17.27	3.01	1.42	166.71	-15	292-2.png	
-0.21	1.64	16.44	2.89	1.67	159.45	-15	292-3.png	
-0.36	1.7	15.88	3.54	1.65	164.25	-15	292-4.png	
0.01	2.52	14.67	4.59	1.46	141.52	15	293-0.png	
0.16	2.82	16.67	3.22	1.11	141.15	15	293-1.png	
-0.17	2.05	13.67	4.04	1.19	139.1	15	293-2.png	
0.06	1.99	16.6	3.49	1.7	137.7	15	293-3.png	
-0.55	1.27	14.22	3.99	1.21	140.53	15	293-4.png	
-0.11	2.15	20.0	4.29	1.16	194.57	-15	294-0.png	
-0.13	0.68	19.25	7.17	0.95	192.62	-5	294-1.png	
-0.37	2.86	18.2	5.7	0.89	191.54	0	294-2.png	
-0.07	0.9	22.25	5.31	0.93	195.09	0	294-3.png	
-0.18	0.58	17.33	2.67	1.18	207.82	0	295-0.png	
-0.16	4.58	17.67	2.85	1.12	206.61	0	295-1.png	
0.1	1.47	22.43	1.72	1.38	191.92	5	296-0.png	
0.12	1.36	26.5	1.73	1.3	188.09	15	296-1.png	
0.87	1.16	29.2	1.45	1.14	193.68	15	296-2.png	
0.2	2.49	17.7	2.86	1.46	191.79	15	297-0.png	
0.3	2.63	13.7	4.01	1.52	200.55	5	297-1.png	
0.31	5.33	13.7	4.01	1.45	198.69	5	297-2.png	
0.14	0.43	11.73	4.64	2.51	193.81	30	298-0.png	
0.08	3.24	12.33	4.46	2.34	196.43	30	298-1.png	
-0.12	3.24	13.6	3.99	2.02	197.87	30	298-2.png	
0.06	3.26	22.4	2.12	1.4	202.91	30	299-0.png	
0.19	2.74	25.2	1.74	0.84	206.45	30	299-1.png	
0.08	2.05	24.4	1.89	0.86	207.81	30	299-2.png	
0.22	2.16	17.6	2.99	1.24	193.22	5	300-0.png	
0.22	2.53	16.6	3.19	1.28	195.31	5	300-1.png	
-0.04	2.31	16.9	3.08	1.26	207.77	180	300-2.png	
0.02	1.67	22.18	2.07	0.93	207.79	30	301-0.png	
-0.37	1.31	23.67	1.81	1.07	206.23	15	301-1.png	
0.01	2.03	21.7	2.31	0.62	207.03	-5	302-0.png	
-0.03	0.21	18.75	2.72	0.81	151.9	0	303-0.png	
0.31	5.56	15.11	3.53	0.98	202.95	15	304-0.png	
0.02	3.93	19.6	2.57	1.05	158.3	-5	305-0.png	
0.77	3.88	16.0	3.32	1.19	156.59	30	307-0.png	
0.33	4.34	21.88	2.15	0.8	205.02	45	308-0.png	
0.0	0.32	34.67	1.04	0.59	210.82	30	310-0.png	
0.06	1.52	13.12	4.25	1.47	139.39	30	312-0.png	
1.49	1.74	23.62	1.82	0.75	174.74	5	313-0.png	
1.44	0.56	33.91	1.14	0.53	171.88	45	314-0.png	
0.06	1.01	16.75	3.19	1.3	168.97	30	315-0.png	
0.1	1.35	15.5	3.39	1.11	169.56	15	315-1.png	
0.18	1.8	16.62	3.26	1.1	172.6	30	315-2.png	
0.28	4.53	18.56	2.8	0.99	168.58	30	315-3.png	
0.43	2.14	15.88	3.46	1.39	166.01	30	315-4.png	
-0.11	2.46	14.62	3.79	1.13	168.08	30	315-5.png	
0.23	2.77	15.89	3.43	1.05	171.22	30	315-6.png	
0.19	1.12	24.91	1.89	1.23	133.84	180	316-0.png	
0.29	3.66	9.57	6.33	2.02	122.49	180	317-0.png	
-0.01	2.0	10.0	5.83	4.71	153.44	-5	318-0.png	
-0.51	0.93	19.29	2.57	2.02	205.51	0	319-0.png	
0.02	2.29	17.88	2.8	1.15	202.84	-5	320-0.png	
-0.01	1.94	18.0	2.71	1.22	202.77	-5	320-1.png	
0.13	1.9	12.62	4.32	1.68	144.73	0	321-0.png	
0.01	3.34	12.86	3.96	1.65	154.71	-15	321-1.png	
0.15	2.98	14.43	3.42	1.4	149.68	180	322-0.png	
0.59	0.81	18.44	2.77	1.24	149.05	5	323-0.png	
0.18	1.93	12.43	4.39	1.37	152.23	-5	324-0.png	
-0.02	0.17	11.7	4.8	1.51	152.55	-5	324-1.png	
-0.32	0.0	16.5	2.98	0.91	149.14	0	325-0.png	
1.28	0.93	18.25	2.79	0.96	149.04	180	325-1.png	
0.0	1.77	11.83	4.59	1.07	151.88	180	326-0.png	
-0.06	4.35	10.8	4.98	1.84	143.55	5	327-0.png	
-0.11	0.36	13.83	3.75	2.99	160.98	-30	328-0.png	
-0.12	4.39	13.91	3.67	2.69	157.72	-30	328-1.png	
-0.02	2.04	19.57	2.46	1.12	182.35	0	329-0.png	
0.01	1.88	17.0	3.24	1.81	184.04	180	329-1.png	
0.5	5.08	13.78	3.96	1.49	200.33	0	330-0.png	
0.71	6.0	12.67	3.89	2.11	202.97	180	330-1.png	
0.01	6.22	11.89	4.74	1.75	203.26	180	330-2.png	
0.07	5.53	13.38	4.07	1.63	200.65	180	330-3.png	
0.14	1.93	20.17	2.39	0.93	198.91	5	331-0.png	
-0.17	1.04	16.4	3.32	1.32	151.97	30	332-0.png	
-0.01	3.34	12.88	4.43	1.79	157.84	30	332-1.png	
-0.22	5.0	13.0	4.32	1.78	155.93	30	332-2.png	
-0.02	2.62	14.88	3.73	1.38	155.62	30	332-3.png	
-0.09	4.15	13.5	4.2	1.77	154.72	30	332-4.png	
0.32	2.85	14.38	3.67	1.66	155.28	30	332-5.png	
-0.4	3.11	14.14	3.92	1.8	154.24	30	332-6.png	
-0.14	2.88	12.5	4.63	1.73	155.55	30	332-7.png	
-0.91	0.46	21.73	2.22	1.17	192.28	180	333-0.png	
0.45	0.82	20.8	2.44	1.21	193.97	0	333-1.png	
-0.01	1.87	19.78	2.51	1.65	186.67	-5	333-2.png	
0.08	1.12	18.7	2.78	1.27	191.53	0	333-3.png	
0.06	3.85	18.18	2.91	1.43	191.76	180	333-4.png	
-0.07	1.81	19.29	2.62	1.34	191.04	180	333-5.png	
-0.18	1.23	15.4	3.06	1.45	189.82	180	333-6.png	
0.8	1.94	17.5	2.98	1.35	190.07	0	333-7.png	
0.14	1.91	16.78	3.18	1.28	188.35	180	333-8.png	
0.33	1.8	11.1	5.22	2.49	164.39	180	334-0.png	
-0.52	4.47	9.62	6.13	3.09	162.48	180	334-1.png	
0.43	4.5	12.0	4.75	2.25	169.73	180	334-2.png	
-0.03	3.07	12.38	4.59	1.94	168.09	180	334-3.png	
0.26	5.29	11.33	5.0	2.38	166.29	180	334-4.png	
0.28	2.31	12.11	5.39	2.36	168.84	180	334-5.png	
0.19	3.42	12.29	4.55	2.39	169.83	180	334-6.png	
-0.09	4.41	9.75	6.04	2.49	167.48	0	334-7.png	
-0.18	3.42	12.0	4.61	2.26	166.89	180	334-8.png	
0.59	2.62	16.0	3.32	1.32	188.31	15	335-0.png	
0.2	2.15	15.33	3.46	1.28	185.79	15	335-1.png	
0.23	2.62	14.12	3.96	1.39	187.26	15	335-2.png	
0.37	2.39	15.5	3.51	1.54	184.5	15	335-3.png	
0.42	1.86	15.6	3.36	1.38	180.87	15	335-4.png	
0.25	2.1	16.17	3.27	1.12	182.86	15	335-5.png	
0.21	3.0	13.67	3.95	1.46	182.28	15	335-6.png	
0.15	3.16	14.25	3.62	1.47	185.16	15	335-7.png	
0.13	1.8	16.67	2.96	1.13	197.52	0	336-0.png	
0.32	2.89	16.29	3.11	0.76	202.49	180	336-1.png	
0.24	3.54	17.8	2.78	0.68	201.25	180	336-2.png	
0.05	2.89	16.29	2.79	0.8	200.6	180	336-3.png	
0.34	5.96	16.78	3.03	0.8	201.24	0	336-4.png	
0.74	4.07	17.2	2.84	0.78	203.21	0	336-5.png	
0.18	2.94	16.0	2.93	0.93	200.82	180	336-6.png	
0.38	2.9	15.5	3.08	0.88	201.63	180	336-7.png	
0.06	2.88	15.29	3.22	0.89	202.12	0	336-8.png	
0.03	1.37	11.71	4.59	1.55	132.51	-15	337-0.png	
0.53	3.91	11.0	5.03	1.68	128.85	-30	337-1.png	
0.07	5.16	12.6	4.21	1.55	132.31	-15	337-2.png	
0.72	2.93	13.67	3.89	1.19	133.1	-30	337-3.png	
0.12	1.45	13.14	4.89	1.44	134.53	-30	337-4.png	
0.9	4.54	13.0	3.96	1.45	138.37	-30	337-5.png	
0.26	3.31	11.8	4.58	1.51	148.04	-15	337-6.png	
0.24	3.42	12.0	4.47	1.5	143.37	-30	337-7.png	
0.35	2.82	14.17	3.53	1.27	160.44	-30	337-8.png	
0.03	1.62	16.0	3.29	0.87	174.79	15	338-0.png	
0.09	1.76	16.5	3.05	0.87	177.23	15	338-1.png	
0.6	1.77	19.2	2.42	0.71	171.67	30	338-2.png	
0.53	2.51	17.14	3.01	0.81	179.39	15	338-3.png	
0.64	1.61	16.78	3.07	0.89	171.48	15	338-4.png	
0.3	1.87	17.6	2.75	0.77	177.89	30	338-5.png	
0.19	2.65	17.0	2.93	0.78	175.84	15	338-6.png	
0.39	1.57	17.17	2.89	0.78	178.44	15	338-7.png	
-0.11	2.11	16.57	3.09	0.85	177.18	15	338-8.png	
0.21	2.87	14.3	3.83	1.61	158.98	180	339-0.png	
0.2	4.2	14.29	3.76	1.51	158.13	180	339-1.png	
0.45	5.33	14.83	3.56	1.32	160.3	180	339-2.png	
0.03	6.49	12.33	4.42	2.0	193.65	5	339-3.png	
0.32	3.47	15.0	3.58	1.45	158.23	0	339-4.png	
0.3	2.29	14.0	4.48	1.75	155.89	180	339-5.png	
0.07	4.51	15.29	3.43	1.66	154.23	180	339-6.png	
0.4	3.83	14.62	3.63	1.71	155.88	180	339-7.png	
0.27	3.93	15.0	3.6	1.82	153.55	180	339-8.png	
0.18	4.04	14.12	3.92	1.31	151.71	180	339-9.png	
-0.1	2.34	13.67	4.03	1.57	190.42	15	340-0.png	
0.2	4.46	13.0	4.2	1.7	193.99	15	340-1.png	
-0.01	4.08	13.71	3.96	1.73	194.25	5	340-2.png	
-0.07	2.67	13.11	4.25	1.85	193.47	15	340-3.png	
0.09	4.02	13.2	3.94	1.69	193.29	15	340-4.png	
0.17	3.19	12.83	3.99	1.61	193.23	15	340-5.png	
0.23	3.09	13.29	4.09	1.7	191.99	15	340-6.png	
0.12	2.65	13.57	4.01	1.55	193.02	15	340-7.png	
0.09	0.64	20.45	2.44	1.17	171.97	30	341-0.png	
0.4	1.47	19.0	2.75	1.18	174.16	30	341-2.png	
0.23	2.84	21.14	2.32	1.13	175.69	30	341-3.png	
-0.03	1.06	20.78	2.28	1.22	177.27	30	341-4.png	
0.0	0.55	22.0	2.52	1.13	174.1	30	341-5.png	
-0.1	2.42	19.86	2.55	1.34	177.69	15	341-6.png	
0.22	1.95	19.0	2.71	1.36	168.78	30	341-7.png	
0.05	1.67	19.11	2.7	1.48	177.18	30	341-8.png	
-0.06	2.09	19.11	2.68	1.48	177.4	30	341-9.png	
-0.18	5.09	16.3	3.21	1.43	181.63	-5	342-0.png	
0.12	2.64	14.38	3.78	1.5	181.26	-5	342-1.png	
0.15	3.07	15.33	3.42	1.36	183.58	-5	342-2.png	
0.03	2.01	16.88	3.02	1.36	185.92	-5	342-3.png	
0.01	5.71	15.4	3.33	1.66	184.6	-5	342-4.png	
-0.02	3.35	15.83	3.27	1.55	185.45	-5	342-5.png	
0.31	2.31	15.57	3.33	1.61	182.79	-5	342-6.png	
0.09	2.27	15.43	3.35	1.8	181.77	-5	342-7.png	
0.09	1.92	16.67	3.22	1.84	198.55	-5	342-8.png	
0.29	3.29	11.25	5.14	1.72	148.92	15	343-0.png	
0.23	5.42	10.33	5.45	1.66	145.39	15	343-1.png	
0.35	7.97	9.67	6.0	1.84	146.71	15	343-2.png	
0.1	4.54	10.57	5.5	1.81	148.6	15	343-3.png	
0.11	3.09	10.67	5.46	2.01	148.38	15	343-4.png	
0.48	6.55	11.6	4.79	1.74	146.66	15	343-5.png	
0.32	4.7	11.5	4.86	1.75	147.13	15	343-6.png	
-0.24	5.27	12.14	4.6	1.95	150.28	15	343-7.png	
0.28	4.49	12.25	4.68	1.69	151.42	5	343-8.png	
0.17	1.13	16.8	2.99	0.93	185.3	30	344-0.png	
-0.07	1.69	14.75	3.47	1.18	187.27	30	344-1.png	
0.15	2.42	13.2	4.28	1.57	180.52	30	344-10.png	
0.22	0.9	16.71	3.1	1.16	187.6	30	344-2.png	
0.33	0.45	15.44	3.46	1.06	185.28	30	344-3.png	
-0.57	0.65	15.45	3.39	1.26	183.62	30	344-4.png	
0.12	2.56	13.29	4.14	1.44	183.92	30	344-5.png	
-0.11	0.43	18.45	2.84	1.01	143.76	45	344-6.png	
-0.55	2.53	20.57	2.45	0.86	143.53	45	344-7.png	
0.16	1.7	14.11	3.81	1.43	183.48	30	344-8.png	
0.45	1.02	14.67	3.67	1.54	180.85	30	344-9.png	
-0.06	0.46	19.55	2.59	1.12	144.2	45	345-0.png	
-0.66	1.0	22.0	2.24	1.12	144.27	45	345-1.png	
-0.03	2.67	19.5	2.63	0.91	147.09	45	345-2.png	
-0.08	1.5	18.64	2.83	0.97	145.15	45	345-3.png	
0.07	1.72	19.2	2.6	1.11	143.24	45	345-4.png	
-0.12	1.71	17.56	3.02	1.18	145.57	45	345-5.png	
-0.29	1.21	19.82	2.59	0.98	146.28	45	345-6.png	
0.24	1.07	23.45	2.02	0.79	139.2	45	346-0.png	
0.78	2.47	19.8	2.56	1.06	136.21	45	346-1.png	
0.57	3.12	21.5	2.31	0.98	132.06	45	346-2.png	
0.47	2.27	20.73	2.48	1.0	132.06	45	346-3.png	
0.26	1.09	21.18	2.39	1.34	132.11	45	346-4.png	
0.83	3.05	21.62	2.31	0.95	137.4	45	346-5.png	
0.16	2.43	18.11	2.98	1.11	139.83	45	346-6.png	
0.24	2.63	20.56	2.38	1.02	147.26	45	346-7.png	
0.14	2.76	18.5	2.7	1.77	154.88	45	346-8.png	
0.18	0.82	18.22	2.78	0.88	126.37	0	347-0.png	
0.3	2.35	17.0	3.0	0.94	126.66	0	347-1.png	
-0.02	3.43	17.5	2.8	0.89	129.05	0	347-2.png	
-0.2	2.01	18.43	2.65	0.88	127.95	0	347-3.png	
0.01	1.25	16.0	3.24	1.0	124.73	0	347-4.png	
0.32	2.71	18.8	2.62	0.85	130.64	180	347-5.png	
0.41	2.16	18.5	2.53	0.82	133.16	180	347-6.png	
0.26	1.97	19.83	2.39	0.78	130.8	0	347-7.png	
0.04	1.99	17.12	2.82	0.82	133.61	0	347-8.png	
-0.01	2.48	15.33	3.29	1.01	178.15	-15	348-0.png	
-0.19	4.38	14.14	3.83	1.08	178.68	-15	348-1.png	
0.07	0.86	15.2	3.38	1.04	178.96	-15	348-2.png	
-0.24	3.53	15.86	3.23	1.01	179.62	-15	348-3.png	
-0.03	2.79	14.0	3.73	1.24	178.46	-15	348-4.png	
0.16	1.08	13.83	3.81	1.2	179.55	-15	348-5.png	
0.1	4.55	13.83	3.87	1.16	178.55	-15	348-6.png	
-0.12	4.74	13.71	3.92	1.19	178.27	-15	348-7.png	
0.22	4.28	14.5	3.63	1.19	176.74	-15	348-8.png	
0.32	5.12	8.0	7.43	2.95	140.47	0	349-0.png	
0.2	7.88	8.0	7.16	2.52	138.81	0	349-1.png	
0.05	10.43	7.29	8.04	2.19	146.28	0	349-2.png	
0.15	9.7	7.83	7.32	2.15	139.99	180	349-3.png	
0.05	10.96	7.57	7.74	2.29	144.64	0	349-4.png	
0.02	8.92	7.29	8.06	2.18	139.37	0	349-5.png	
0.26	13.24	7.4	7.7	2.49	141.3	0	349-6.png	
0.04	9.29	7.0	8.61	2.05	140.75	0	349-7.png	
-0.07	6.06	7.1	8.51	2.26	142.42	180	349-8.png	
0.02	0.28	10.56	5.66	1.0	165.05	45	350-0.png	
-0.02	0.79	11.44	4.83	0.95	165.4	45	350-1.png	
-0.02	4.34	12.43	4.34	0.99	165.34	45	350-2.png	
-0.18	0.29	10.4	5.29	0.99	166.83	45	350-3.png	
0.03	2.41	17.88	2.76	0.88	159.13	-15	351-0.png	
-0.17	1.52	16.45	3.19	0.77	158.58	-15	351-1.png	
0.17	1.29	17.88	2.7	1.0	159.11	-15	351-2.png	
0.02	1.4	17.2	2.8	0.94	159.15	-15	351-3.png	
0.35	3.05	16.71	2.94	0.85	157.9	-15	351-4.png	
0.04	2.52	17.86	2.62	0.93	169.35	30	352-0.png	
0.04	2.65	16.22	3.27	2.07	168.43	30	352-1.png	
0.16	3.47	17.29	2.91	1.04	168.06	30	352-2.png	
-0.32	2.9	15.5	3.39	1.31	167.93	30	352-3.png	
0.46	4.47	13.86	3.78	1.24	167.64	30	352-4.png	
-0.24	1.78	15.73	3.4	1.26	170.86	180	353-0.png	
-0.21	2.88	16.33	3.54	0.92	207.44	0	353-1.png	
-0.06	0.67	16.36	3.21	0.91	205.91	15	353-2.png	
-0.18	0.49	16.36	3.22	1.01	207.05	15	353-3.png	
-0.36	3.09	17.12	2.9	1.01	202.86	15	353-4.png	
0.01	0.99	19.25	2.62	1.94	151.39	0	354-0.png	
-0.71	1.75	17.67	2.96	2.03	150.73	0	354-1.png	
-0.05	0.0	18.36	2.72	1.66	151.01	-5	354-2.png	
0.03	0.11	17.9	2.88	1.69	149.92	-5	354-3.png	
-0.15	0.84	17.8	2.9	1.76	148.06	-5	354-4.png	
-0.11	2.24	13.86	3.84	0.77	179.33	45	355-0.png	
-0.16	3.87	13.43	3.9	0.9	180.36	0	355-1.png	
-0.27	1.27	12.6	4.37	0.87	182.07	45	355-2.png	
-0.14	1.11	12.67	4.73	0.89	182.27	45	355-3.png	
0.05	5.41	13.5	3.89	0.95	183.45	45	355-4.png	
0.43	3.19	22.91	2.01	1.18	208.71	30	356-0.png	
0.38	1.89	21.7	2.17	0.94	205.32	30	356-1.png	
-0.1	0.85	15.38	3.44	1.38	187.88	5	357-0.png	
0.09	0.7	17.11	2.98	1.07	195.02	5	357-1.png	
0.09	1.13	14.17	3.54	1.34	184.69	15	357-2.png	
0.25	5.07	16.78	3.06	1.15	207.76	15	359-0.png	
0.37	1.01	20.82	2.34	1.06	211.12	15	360-0.png	
-0.56	2.73	25.3	1.8	1.11	211.4	0	361-0.png	
-0.05	2.67	15.0	3.58	1.19	142.64	15	362-0.png	
-0.06	2.07	15.0	3.73	1.38	139.23	0	363-0.png	
0.22	2.82	23.4	1.99	1.17	154.93	-15	364-0.png	
0.35	1.76	20.5	2.24	0.82	145.68	180	364-1.png	
0.06	1.66	16.86	2.96	1.68	149.11	30	365-0.png	
-0.11	2.78	13.67	4.07	1.41	159.9	0	366-0.png	
0.28	1.36	13.25	4.14	1.25	153.93	-15	367-0.png	
-0.04	2.84	9.5	6.07	1.81	128.56	45	368-0.png	
0.12	1.46	13.67	3.93	1.29	153.06	180	369-0.png	
0.14	4.21	17.8	2.83	0.72	173.04	-15	370-0.png	
-0.02	2.84	10.22	6.66	2.45	160.96	30	371-0.png	
-0.25	2.02	21.3	2.25	1.22	162.25	45	372-0.png	
0.09	2.65	15.11	3.52	1.26	194.08	45	373-0.png	
0.34	1.06	12.29	4.53	1.27	143.89	15	375-0.png	
0.26	4.59	17.0	3.02	2.48	207.85	180	376-0.png	
0.05	0.42	14.25	3.83	1.24	169.59	180	377-0.png	
-0.1	6.43	11.67	4.85	1.84	154.28	180	378-0.png	
0.03	3.52	12.2	4.76	1.66	146.91	-5	379-0.png	
0.35	8.76	13.12	4.21	1.8	148.42	-5	379-1.png	
-0.06	1.61	14.3	3.78	1.46	161.3	30	380-0.png	
0.13	1.3	15.4	3.5	1.17	163.05	30	380-1.png	
0.01	0.55	23.83	1.99	0.51	185.16	30	382-0.png	
0.88	0.13	22.71	2.12	1.92	185.19	30	382-1.png	
-0.05	7.71	12.71	4.37	0.86	155.68	-30	383-0.png	
-0.38	1.02	13.75	2.11	0.77	155.11	-30	383-1.png	
0.15	1.58	16.44	3.42	1.36	140.09	15	384-0.png	
0.84	0.55	18.09	2.92	1.32	137.27	5	384-1.png	
-0.14	1.63	16.55	3.31	2.23	135.28	180	384-2.png	
0.11	0.44	18.0	2.81	1.39	138.96	5	384-3.png	
0.56	1.21	16.5	3.29	1.88	137.97	5	384-4.png	
0.23	3.21	13.38	3.43	1.74	138.65	5	384-5.png	
0.25	1.4	17.18	3.19	1.26	137.62	180	384-6.png	
0.22	1.41	17.0	3.16	1.8	137.48	5	384-7.png	
0.15	1.87	15.5	3.87	1.34	138.34	0	384-8.png	
0.39	0.55	18.08	2.89	1.16	141.41	180	384-9.png	
-0.31	1.27	19.7	2.32	0.9	186.82	30	385-0.png	
-0.12	4.24	21.22	2.3	0.83	187.86	30	385-1.png	
-0.13	1.58	20.22	2.41	1.23	188.49	30	385-2.png	
-0.09	1.78	20.78	2.26	0.87	189.08	30	385-3.png	
-0.17	1.8	20.0	2.57	0.86	186.38	30	385-4.png	
-0.41	1.86	16.64	3.13	1.11	149.34	45	386-0.png	
0.38	2.75	16.0	3.38	1.26	148.61	45	386-1.png	
-0.23	5.12	16.4	3.27	1.17	149.47	45	386-3.png	
0.02	5.33	16.33	3.5	1.07	150.67	45	386-4.png	
-0.21	3.14	17.2	3.05	0.99	150.69	45	386-5.png	
-0.44	1.79	15.6	3.47	1.43	179.54	30	387-0.png	
0.0	1.63	14.75	3.67	1.39	179.78	45	387-1.png	
-0.14	3.85	15.86	3.32	1.5	183.06	30	387-2.png	
-0.21	1.2	15.0	3.59	1.38	179.81	30	387-3.png	
0.11	1.59	15.12	3.2	1.68	180.16	30	387-4.png	
-0.55	0.72	12.45	4.53	1.58	140.63	45	388-0.png	
-0.43	1.35	11.89	4.77	1.37	140.49	45	388-1.png	
-0.31	0.93	12.91	4.39	1.44	139.14	45	388-2.png	
-0.5	0.32	15.44	3.57	1.26	167.35	-5	389-0.png	
-0.25	1.6	15.0	3.5	1.16	168.1	-5	389-1.png	
-0.22	0.42	14.44	3.77	1.0	169.79	-5	389-2.png	
0.28	3.34	15.89	3.34	0.87	169.15	-5	389-4.png	
0.03	1.53	15.0	3.51	0.9	166.9	-5	389-5.png	
-0.02	0.9	22.33	2.12	1.09	156.8	5	390-0.png	
-0.56	2.72	23.5	2.01	1.06	157.66	5	390-1.png	
-0.02	1.89	20.14	2.32	1.15	156.12	5	390-2.png	
-0.38	2.68	21.67	2.22	1.0	157.16	5	390-3.png	
-0.62	0.83	20.5	2.44	1.22	157.5	5	390-4.png	
0.07	3.2	13.43	4.1	1.87	162.52	30	391-0.png	
-0.51	5.47	13.9	3.97	1.5	160.53	30	391-1.png	
-0.69	1.56	13.5	4.12	1.6	163.16	30	391-2.png	
-0.53	1.89	12.7	4.43	1.78	161.69	30	391-3.png	
-0.2	3.4	14.1	3.95	1.68	164.41	30	391-4.png	
-0.49	0.9	22.29	2.11	0.91	198.04	15	392-0.png	
-0.5	1.07	22.38	2.13	1.56	194.96	15	392-1.png	
-0.75	1.97	20.3	2.31	1.02	193.41	15	392-2.png	
-1.2	0.15	19.67	2.41	1.14	189.24	15	392-3.png	
-0.09	3.38	13.0	3.41	1.3	201.88	15	393-0.png	
0.03	1.78	15.75	3.24	1.0	203.38	15	393-1.png	
-0.22	3.64	14.0	3.84	1.3	201.86	180	393-2.png	
-0.72	3.7	13.78	3.97	1.49	204.18	180	393-3.png	
-0.04	5.23	14.14	3.67	1.46	201.19	180	393-4.png	
0.07	5.59	8.22	7.27	2.36	161.82	30	394-0.png	
0.21	4.94	8.7	6.83	2.14	171.45	30	394-1.png	
0.4	0.61	9.88	5.82	1.4	131.37	0	395-0.png	
0.04	1.77	12.4	2.35	1.77	141.86	45	396-0.png	
0.07	1.29	17.88	2.91	1.04	201.54	30	397-0.png	
0.03	1.01	17.75	2.79	1.04	142.7	45	398-0.png	
0.74	5.15	13.2	6.09	1.43	127.57	-5	399-0.png	
0.06	0.84	19.0	2.71	1.1	145.06	15	400-0.png	
-0.12	5.57	9.33	7.15	1.58	130.78	-30	401-0.png	
0.35	1.99	18.56	2.72	0.98	166.63	15	402-0.png	
0.27	2.01	16.4	3.2	1.47	167.71	180	403-0.png	
0.18	1.29	17.0	3.02	1.34	166.95	180	403-1.png	
0.14	2.96	13.5	4.04	1.32	168.53	0	404-0.png	
0.2	2.79	14.33	3.69	1.47	166.28	-15	405-0.png	
0.06	2.93	14.0	3.88	1.79	163.93	-15	405-1.png	
-0.11	1.0	16.0	3.19	0.78	140.67	-5	406-0.png	
-0.22	4.52	11.29	4.77	2.24	148.31	180	407-0.png	
0.13	6.36	11.0	4.97	1.97	156.76	180	408-0.png	
-0.02	2.26	11.5	4.91	1.84	157.4	0	408-1.png	
0.47	1.17	21.4	2.28	0.8	167.27	15	409-0.png	
0.2	1.06	22.6	1.99	0.8	166.08	15	409-1.png	
0.2	0.45	11.0	5.28	1.38	145.0	0	410-0.png	
0.28	3.22	12.12	4.61	2.12	151.21	15	411-0.png	
0.37	0.7	18.7	2.83	1.63	176.89	15	412-0.png	
0.16	4.04	12.14	4.51	1.29	146.05	0	413-0.png	
-0.05	2.52	16.3	3.25	1.41	180.92	180	414-0.png	
0.3	2.69	16.0	3.33	1.46	182.74	180	414-1.png	
0.38	0.76	15.82	3.53	2.14	149.27	15	415-0.png	
0.69	1.66	16.91	3.16	2.25	150.47	15	415-1.png	
-0.06	2.11	15.2	3.66	3.1	150.31	15	415-2.png	
0.22	0.2	15.27	3.73	2.52	149.79	15	415-3.png	
0.17	0.0	15.18	3.54	2.81	148.12	15	415-4.png	
-0.01	0.89	14.58	3.47	1.97	147.32	15	415-5.png	
0.51	0.0	15.45	3.54	3.0	147.75	30	415-6.png	
-0.52	0.69	21.78	2.07	0.93	202.67	15	416-0.png	
0.25	6.07	8.4	7.13	2.15	162.68	30	417-0.png	
0.58	2.35	16.14	3.2	1.61	173.71	30	418-0.png	
0.1	1.32	28.0	1.3	0.64	149.73	30	419-0.png	
0.13	10.93	10.8	4.96	1.37	147.36	45	420-0.png	
-0.14	4.68	9.4	6.11	1.79	154.11	45	420-1.png	
0.01	2.44	15.57	3.51	1.27	144.18	30	421-0.png	
-0.33	1.52	23.71	1.98	0.9	134.17	-5	422-0.png	
0.37	3.53	23.8	1.78	0.95	175.75	5	423-0.png	
-0.18	1.87	20.29	2.8	0.78	116.27	180	424-0.png	
0.15	2.85	13.67	4.02	1.9	136.15	30	425-0.png	
0.04	2.64	15.17	3.43	1.18	170.23	30	426-0.png	
0.26	1.29	15.44	3.51	1.92	157.6	15	427-0.png	
0.47	2.13	13.14	4.01	1.35	143.91	-15	428-0.png	
0.08	2.67	18.0	2.79	1.4	168.86	180	429-0.png	
-0.04	0.88	18.22	3.31	1.8	136.43	-5	430-0.png	
-0.05	1.64	15.89	3.45	1.11	170.06	45	431-0.png	
-0.15	8.02	11.71	4.87	1.97	148.43	45	432-0.png	
-0.19	2.36	14.0	3.96	1.53	140.26	30	433-0.png	
0.08	1.45	12.38	4.08	1.41	175.21	30	434-0.png	
-0.13	3.15	9.83	4.63	2.43	132.72	45	435-0.png	
-0.02	3.49	11.75	4.72	1.43	127.01	-30	436-0.png	
0.15	2.11	20.83	2.12	0.89	153.85	180	439-0.png	
-0.46	1.49	19.43	2.54	0.79	152.91	180	439-1.png	
0.14	3.79	16.36	3.16	2.3	208.9	180	440-0.png	
-0.39	1.36	14.0	3.16	1.13	178.75	0	441-0.png	
0.08	2.65	13.57	3.82	1.49	147.49	15	442-0.png	
0.17	1.75	14.88	3.51	1.64	144.85	15	442-1.png	
-0.03	2.37	18.17	2.65	1.09	199.42	15	443-0.png	
0.04	2.35	20.0	2.26	0.94	201.24	30	443-1.png	
-0.04	8.91	12.12	4.7	1.65	147.05	0	444-0.png	
0.07	6.69	12.56	4.42	1.65	145.38	0	444-1.png	
-0.02	4.8	13.33	3.9	1.61	165.46	15	445-0.png	
0.15	6.88	13.22	4.2	1.41	163.35	15	445-1.png	
0.19	1.49	22.12	2.15	1.32	150.82	15	446-0.png	
-0.01	1.34	22.36	2.22	1.34	153.9	15	446-1.png	
0.87	1.65	15.12	3.4	0.98	136.93	0	447-0.png	
-0.55	0.54	16.62	3.23	1.0	136.81	0	447-1.png	
-0.24	3.79	13.71	3.85	1.51	159.83	-15	448-0.png	
0.35	4.08	13.0	4.16	1.63	156.93	0	448-1.png	
0.27	2.22	17.14	3.08	0.99	139.98	15	449-0.png	
0.2	4.33	16.86	2.97	0.99	140.36	15	449-1.png	
0.48	0.62	16.18	3.25	1.7	157.28	-15	450-0.png	
0.57	2.71	15.5	3.4	1.8	154.75	-15	450-1.png	
0.21	2.3	17.43	2.95	2.16	166.01	15	451-0.png	
-0.62	0.33	21.0	2.27	1.27	167.59	15	451-1.png	
0.51	2.79	18.29	2.7	1.12	175.63	180	452-0.png	
-0.07	2.98	17.43	2.93	1.07	181.78	180	452-1.png	
1.03	5.22	17.43	3.1	1.12	154.45	180	453-0.png	
-0.36	2.75	20.0	2.48	0.99	155.28	0	453-1.png	
0.13	2.04	13.22	4.08	1.79	148.11	15	454-0.png	
0.71	3.43	13.71	3.85	1.61	145.32	15	454-1.png	
-0.02	3.36	14.0	3.74	1.48	148.19	15	454-2.png	
0.0	2.15	13.0	4.18	1.58	150.74	15	454-3.png	
0.0	2.14	14.0	3.81	1.62	147.25	15	454-4.png	
-0.17	1.9	15.78	3.31	0.93	145.01	15	455-0.png	
0.23	2.29	17.0	3.18	0.99	144.1	15	455-1.png	
-0.04	2.54	18.14	2.73	0.91	145.82	15	455-2.png	
0.3	2.46	17.5	2.9	0.89	145.9	15	455-3.png	
-0.0	2.52	17.89	2.78	0.89	146.85	15	455-4.png	
-0.32	4.32	15.75	3.38	2.13	142.86	30	456-0.png	
-0.31	3.91	16.12	3.26	2.1	145.56	30	456-1.png	
-0.56	2.2	16.8	3.1	2.13	149.76	30	456-2.png	
-0.37	1.28	18.0	2.59	2.13	150.69	30	456-3.png	
-0.05	1.44	18.08	2.54	2.3	150.19	30	456-4.png	
-0.16	0.47	36.55	0.98	0.72	156.76	30	457-0.png	
-0.11	5.36	15.67	3.11	0.86	182.16	-15	458-0.png	
0.04	6.0	13.33	3.95	1.08	171.7	-15	458-1.png	
0.05	1.99	15.57	3.16	1.1	178.28	-15	458-2.png	
0.11	2.81	17.44	3.13	1.85	140.19	30	459-0.png	
-0.08	1.97	16.78	2.93	1.74	155.0	30	460-0.png	
-1.67	0.86	18.64	1.31	1.03	140.73	45	461-0.png	
0.86	8.46	10.4	5.38	1.22	135.39	15	462-0.png	
-0.17	5.96	7.56	7.9	2.09	132.48	-15	463-0.png	
-0.02	2.35	13.64	4.19	2.7	145.17	180	464-0.png	
-0.11	3.25	17.22	2.99	1.66	147.58	15	465-0.png	
0.2	2.53	17.8	3.54	0.91	155.79	15	466-0.png	
-0.1	6.38	8.0	7.18	2.32	143.77	-15	467-0.png	
-0.04	1.89	15.33	3.52	1.22	160.71	30	468-0.png	
-0.26	1.33	18.86	2.57	1.04	157.73	-15	469-0.png	
0.16	3.38	12.12	4.62	1.89	143.17	30	470-0.png	
0.58	0.61	18.12	2.83	1.03	137.88	15	471-0.png	
-0.0	0.51	21.56	2.37	0.79	148.35	180	472-0.png	
-0.09	1.59	15.1	3.34	1.48	147.72	45	473-0.png	
-0.14	2.34	14.12	3.8	1.19	145.65	45	474-0.png	
-0.05	1.67	14.4	3.83	0.76	140.15	45	475-0.png	
0.65	3.68	15.5	3.62	1.36	168.62	-5	476-0.png	
0.04	0.83	19.22	2.76	1.18	133.71	-5	477-0.png	
0.34	1.8	20.0	2.38	1.15	145.16	180	478-0.png	
-0.19	6.08	12.5	4.16	1.99	161.02	180	479-0.png	
-0.18	1.87	20.29	2.49	1.11	155.02	15	480-0.png	
0.48	2.55	20.75	2.22	0.94	153.93	15	480-1.png	
-0.02	2.84	14.43	3.7	1.37	159.92	0	481-0.png	
0.09	2.85	14.71	3.6	1.36	160.14	5	481-1.png	
-0.23	2.85	13.0	4.03	1.81	172.78	30	482-0.png	
0.32	3.54	9.89	5.42	2.16	156.9	30	482-1.png	
-0.04	3.96	18.44	2.86	1.13	209.17	45	483-0.png	
-0.08	3.04	18.11	2.94	1.24	206.99	45	483-1.png	
-0.34	5.55	11.71	4.74	1.29	160.04	15	484-0.png	
-0.12	5.36	11.0	5.26	1.49	159.49	15	484-1.png	
1.81	0.1	20.56	2.39	1.44	173.7	0	485-0.png	
-0.34	0.45	13.4	3.91	1.3	164.75	-15	486-0.png	
-0.17	3.17	13.57	3.98	1.1	163.08	-15	486-1.png	
0.05	3.92	12.75	4.52	1.7	133.99	30	487-0.png	
-0.27	2.49	13.25	4.8	1.67	133.51	180	487-1.png	
0.39	3.15	12.71	4.39	1.55	164.37	180	488-0.png	
0.23	4.48	12.5	4.37	1.5	161.69	180	488-1.png	
0.04	0.0	15.88	2.61	1.24	169.19	-30	489-0.png	
0.08	2.16	16.22	3.4	1.22	169.26	-30	489-1.png	
-0.63	2.92	12.67	4.5	1.68	153.02	30	490-0.png	
0.23	8.88	12.5	4.53	1.42	154.79	45	490-1.png	
-0.11	2.22	16.67	3.14	1.07	145.08	15	491-0.png	
0.42	4.22	15.4	3.31	1.01	143.02	15	491-1.png	
0.38	3.13	10.86	6.08	1.56	147.57	15	492-0.png	
0.11	1.02	13.67	4.07	1.42	151.56	15	492-1.png	
0.17	2.11	16.62	3.21	1.51	193.16	0	493-0.png	
0.15	4.32	15.29	3.42	1.45	193.31	180	493-1.png	
0.37	0.44	13.67	3.87	2.01	166.01	180	494-0.png	
0.24	3.14	13.38	4.01	1.65	166.92	180	494-1.png	
0.53	4.88	14.75	3.08	1.11	180.42	180	495-0.png	
0.44	5.07	13.4	3.66	1.41	179.27	15	495-1.png	
0.33	5.88	13.6	3.56	1.41	180.39	180	495-2.png	
-0.17	2.19	19.67	2.49	1.44	165.37	15	496-0.png	
-0.15	1.87	21.38	2.18	1.34	165.83	15	496-1.png	
-0.34	2.97	17.88	2.82	1.62	168.42	15	496-2.png	
-0.59	0.35	19.83	2.53	1.63	165.19	15	496-3.png	
0.27	1.41	29.0	1.33	0.66	171.34	0	497-0.png	
0.03	2.61	27.25	1.54	0.71	136.88	180	497-1.png	
-0.07	4.37	27.67	1.49	0.61	139.32	180	497-2.png	
-0.24	2.74	26.29	1.61	0.81	136.48	-5	497-3.png	
0.22	3.49	16.91	3.03	0.99	141.08	-15	498-0.png	
0.01	2.37	17.71	2.69	0.95	140.46	-30	498-1.png	
-0.17	1.69	16.0	3.28	1.11	144.58	-15	498-2.png	
-0.1	1.3	16.89	3.1	0.98	146.1	-15	498-3.png	
0.71	0.24	16.6	2.84	0.88	145.9	-15	498-4.png	
0.12	0.46	21.71	2.18	1.21	133.9	15	499-0.png	
0.02	1.33	19.55	2.66	1.4	141.11	15	500-0.png	
0.44	0.48	20.86	2.38	0.98	171.13	30	501-0.png	
0.23	0.9	12.2	4.34	1.54	140.43	0	502-0.png	
-0.2	4.84	14.88	3.78	1.16	157.34	5	503-0.png	
-0.31	4.65	16.12	3.15	0.88	153.65	30	504-0.png	
-0.26	2.0	18.5	2.59	1.62	195.32	5	505-0.png	
0.69	1.38	21.08	2.16	1.2	143.57	5	506-0.png	
-0.13	0.55	20.14	2.27	1.06	147.71	0	508-0.png	
-0.16	0.95	18.86	2.67	1.26	125.57	15	509-0.png	
-0.26	2.56	16.38	3.26	1.53	161.37	-5	510-0.png	
-0.17	2.96	12.5	4.45	1.22	145.2	30	511-0.png	
0.27	0.55	18.25	2.88	1.26	159.44	15	512-0.png	
-0.44	1.52	19.12	2.73	0.82	132.71	15	513-0.png	
-0.01	1.56	20.5	2.53	1.53	127.09	15	513-1.png	
-0.22	0.67	14.92	3.59	2.07	198.09	30	514-0.png	
0.25	0.58	18.83	1.81	0.78	187.0	0	514-1.png	
-0.44	0.55	22.0	2.12	1.18	172.01	0	515-0.png	
0.83	1.32	16.64	3.21	1.84	173.25	180	516-0.png	
0.5	3.9	16.67	2.73	1.33	165.02	-5	517-0.png	
0.91	1.07	15.0	3.62	1.02	134.01	-5	518-0.png	
0.03	0.66	16.57	3.17	0.97	152.3	30	519-0.png	
0.62	0.53	15.0	3.75	1.52	145.57	30	520-0.png	
0.28	1.17	18.86	1.64	1.22	141.81	15	521-0.png	
0.36	1.67	18.0	3.63	1.26	158.27	-15	522-0.png	
0.02	1.66	16.86	3.1	1.28	167.51	5	523-0.png	
-0.64	1.51	23.17	1.85	0.71	172.75	30	524-0.png	
0.29	3.14	18.78	2.72	0.79	150.82	45	525-0.png	
0.14	0.83	25.29	1.82	0.6	178.81	30	526-0.png	
0.12	2.49	14.88	3.76	1.82	180.69	45	527-0.png	
0.29	4.33	15.0	3.6	1.37	158.75	30	527-1.png	
-0.07	1.46	18.44	2.79	1.01	159.74	0	528-0.png	
0.26	3.11	13.17	3.81	1.18	157.82	45	529-0.png	
0.14	2.1	15.71	3.26	1.21	185.74	45	530-0.png	
0.32	4.78	13.18	4.19	1.25	128.5	180	531-0.png	
0.18	0.24	16.6	3.07	0.86	179.17	-30	532-0.png	
0.18	2.37	16.9	3.09	1.72	157.88	15	533-0.png	
0.55	2.15	16.78	2.74	1.48	169.36	45	534-0.png	
0.16	2.64	18.17	2.58	1.21	196.58	30	535-0.png	
-0.13	3.15	19.7	2.54	0.88	158.32	30	536-0.png	
0.25	2.43	14.83	3.7	1.69	151.69	5	537-0.png	
-0.13	2.97	14.83	3.52	1.27	147.91	180	538-0.png	
-0.12	2.31	16.0	3.36	1.09	168.16	180	539-0.png	
-0.1	1.1	13.67	4.11	1.41	164.88	30	540-0.png	
0.38	2.15	19.11	2.6	1.18	178.34	5	541-0.png	
0.33	3.12	19.9	2.59	1.23	147.26	180	542-0.png	
0.2	1.06	20.8	2.38	1.71	147.49	180	542-1.png	
-0.05	5.3	10.0	5.4	1.27	170.1	180	543-0.png	
-0.12	3.35	13.12	4.16	1.59	172.5	15	544-0.png	
-0.07	5.63	16.33	3.29	1.54	173.99	15	544-1.png	
-0.21	6.34	14.2	3.92	1.74	172.17	15	544-2.png	
0.16	8.76	13.12	4.29	1.52	173.21	15	544-3.png	
0.02	7.64	13.75	4.09	1.62	171.52	15	544-4.png	
-0.16	1.5	23.4	1.49	0.68	154.28	-15	545-0.png	
0.0	0.9	26.6	1.15	0.77	153.85	-15	545-1.png	
0.92	2.69	26.8	1.28	1.44	154.64	-15	545-2.png	
0.0	1.77	24.8	1.26	0.7	151.93	-15	545-3.png	
0.63	3.83	18.3	3.11	1.21	176.35	15	546-0.png	
0.14	2.36	18.25	2.83	1.24	176.62	30	546-1.png	
0.12	4.88	16.18	3.25	1.3	177.72	15	546-2.png	
-0.08	1.67	15.6	3.56	1.34	176.21	30	546-3.png	
0.26	2.94	16.0	3.19	1.67	174.97	30	546-4.png	
-0.08	1.44	20.2	2.52	0.86	168.96	30	547-0.png	
-0.05	1.88	19.64	2.42	0.79	168.54	30	547-1.png	
-0.01	1.8	19.45	2.57	1.3	169.85	30	547-2.png	
0.22	1.66	19.33	2.5	0.78	169.77	30	547-3.png	
-0.12	1.87	18.2	2.78	0.84	167.54	30	547-4.png	
0.1	9.02	9.43	6.21	1.46	136.0	15	548-0.png	
0.0	10.58	8.12	7.26	1.72	134.65	15	548-1.png	
0.06	12.19	7.71	7.98	1.65	134.05	15	548-2.png	
0.17	10.73	8.86	6.39	1.75	135.8	5	548-3.png	
0.34	7.88	8.0	7.0	1.94	131.43	15	548-4.png	
-0.01	5.1	15.5	3.43	1.31	180.99	15	549-0.png	
0.27	2.13	18.29	2.74	1.29	183.53	15	549-1.png	
-0.06	3.29	14.29	3.71	1.55	185.78	15	549-2.png	
-0.05	2.97	15.83	3.14	1.44	187.56	15	549-3.png	
0.62	1.38	13.75	3.99	1.29	185.85	15	549-4.png	
-0.06	1.77	14.67	3.7	1.16	186.01	5	550-0.png	
0.22	4.17	13.67	4.05	1.59	168.48	15	550-1.png	
0.01	2.99	14.71	3.64	1.15	169.28	15	550-2.png	
0.86	5.23	11.67	4.5	1.19	167.39	0	550-3.png	
-0.01	4.85	12.57	4.48	1.47	166.18	0	550-4.png	
-0.12	4.16	9.38	6.08	2.28	143.93	45	551-0.png	
0.14	9.33	8.25	7.06	2.65	139.39	45	551-1.png	
0.16	4.88	8.2	7.24	2.6	137.26	45	551-2.png	
0.21	4.17	8.88	6.54	2.4	139.48	45	551-3.png	
0.5	1.08	9.22	6.35	2.23	145.93	45	551-4.png	
0.03	8.1	9.62	5.94	2.49	142.62	45	551-5.png	
-0.01	7.89	9.38	6.25	2.04	141.58	45	551-6.png	
0.2	4.76	9.88	5.97	1.82	142.26	45	551-7.png	
-0.05	7.68	10.29	5.4	2.19	146.32	45	551-8.png	
0.28	7.25	8.0	7.43	2.79	134.17	45	551-9.png	
0.14	2.0	15.0	3.6	1.17	196.04	-15	552-0.png	
0.1	3.64	15.4	3.29	1.2	192.48	-15	552-1.png	
0.17	2.37	14.75	3.59	1.23	191.32	-15	552-2.png	
0.39	3.03	17.5	2.85	1.02	196.97	-15	552-3.png	
0.48	2.8	15.0	3.52	1.25	192.43	-15	552-4.png	
0.51	3.57	14.0	3.88	1.46	192.27	-5	552-5.png	
0.11	3.96	15.14	3.5	1.34	193.37	-5	552-6.png	
0.79	3.12	16.0	3.26	1.24	193.47	-5	552-7.png	
0.75	3.63	15.17	3.32	1.37	195.01	-15	552-8.png	
0.12	1.86	16.11	3.16	1.24	192.81	-15	552-9.png	
0.46	1.65	17.62	2.99	1.44	139.55	30	553-0.png	
0.69	1.13	16.88	3.4	1.77	146.23	30	553-1.png	
0.86	0.56	17.71	3.08	1.23	160.03	45	554-0.png	
0.3	1.47	19.1	2.58	1.08	171.21	30	555-0.png	
0.54	1.42	18.33	2.82	1.15	173.8	15	555-1.png	
0.01	1.53	17.0	3.05	1.15	170.69	30	555-2.png	
-0.05	0.9	12.17	4.51	1.56	139.05	30	556-0.png	
0.48	1.04	21.22	2.34	1.08	160.0	45	558-0.png	
0.22	1.39	13.62	3.97	1.38	163.7	0	559-0.png	
0.24	0.94	12.75	4.56	1.27	166.87	180	559-1.png	
0.01	5.6	14.11	3.81	1.03	184.99	180	560-0.png	
0.23	3.54	13.86	3.85	1.06	180.25	-5	560-1.png	
-0.51	2.51	18.3	2.91	1.39	149.15	0	561-0.png	
0.0	1.34	15.67	3.59	1.83	152.22	0	561-1.png	
0.51	1.84	16.33	3.22	2.16	194.01	15	562-0.png	
0.41	3.05	14.44	3.85	2.29	196.84	30	562-1.png	
0.22	2.7	18.12	2.77	1.13	169.19	30	563-0.png	
0.06	1.69	17.75	2.77	0.99	169.04	30	563-1.png	
0.18	4.94	16.0	3.46	1.93	144.59	30	564-0.png	
0.25	1.51	13.25	4.3	1.42	145.98	30	565-0.png	
-0.25	3.5	13.14	4.16	1.22	135.41	30	566-0.png	
0.49	2.33	16.75	3.02	1.03	139.66	180	567-0.png	
-0.19	1.73	19.11	2.58	0.98	146.04	0	567-1.png	
0.04	1.7	17.64	2.83	1.06	144.48	0	567-2.png	
-0.25	1.48	17.6	2.63	1.27	157.2	0	567-3.png	
0.06	1.86	18.25	2.59	1.07	137.93	180	567-4.png	
-0.16	1.81	17.1	2.83	1.19	137.27	180	567-5.png	
0.39	1.48	20.91	2.38	1.26	194.5	30	568-0.png	
-0.33	4.39	11.83	4.61	1.36	155.06	5	569-0.png	
0.8	0.95	21.11	2.33	1.01	142.9	15	570-0.png	
0.0	3.8	13.17	4.22	0.93	165.58	45	571-0.png	
0.06	2.45	14.67	3.86	1.85	162.66	5	572-0.png	
0.13	8.62	11.25	4.72	1.61	171.58	180	573-0.png	
0.14	3.97	12.86	4.33	1.95	197.61	15	574-0.png	
0.56	0.86	18.62	2.97	1.13	182.79	0	575-0.png	
-0.29	3.37	10.38	5.59	1.4	172.24	-15	576-0.png	
-0.07	2.03	22.12	2.44	1.37	137.15	15	577-0.png	
0.03	1.95	25.7	1.81	1.04	148.39	180	577-1.png	
0.24	2.18	14.25	3.75	1.99	159.43	30	578-0.png	
-0.01	2.99	12.7	4.46	2.63	159.84	45	579-0.png	
0.02	1.99	16.56	3.21	1.22	200.31	45	580-0.png	
0.2	3.65	17.8	3.04	2.24	154.1	45	581-0.png	
0.03	1.27	18.14	2.63	0.82	171.48	180	582-0.png	
-0.01	0.88	19.25	2.59	0.75	171.41	-5	582-1.png	
-0.21	1.59	21.43	2.22	0.72	173.41	-5	582-2.png	
0.28	1.62	19.17	2.6	0.85	173.04	-5	582-3.png	
0.05	3.57	18.5	2.85	0.77	150.84	-5	582-4.png	
0.11	0.4	22.33	2.13	0.65	175.02	15	583-0.png	
-0.36	1.2	22.44	2.09	0.67	173.19	15	583-1.png	
0.36	1.68	23.86	1.86	0.65	175.01	30	583-2.png	
0.13	0.96	23.0	2.03	0.69	173.63	30	583-3.png	
0.32	1.0	23.0	1.97	0.74	175.92	15	583-4.png	
0.59	1.09	15.57	3.49	1.38	142.58	15	584-0.png	
0.39	4.27	16.88	3.1	1.27	145.12	15	584-1.png	
0.57	1.15	17.43	2.98	1.37	142.41	15	584-2.png	
0.16	1.05	16.12	3.27	1.71	140.23	15	584-3.png	
0.23	3.66	16.12	3.46	1.36	147.15	15	584-4.png	
-0.07	2.15	20.5	2.52	1.58	179.08	-5	585-0.png	
-0.33	1.35	21.56	2.35	1.52	177.65	-5	585-1.png	
0.0	3.07	15.33	3.03	1.4	177.79	0	585-2.png	
-0.25	1.6	19.38	2.74	0.94	177.88	-5	585-3.png	
1.26	2.31	19.5	2.58	1.35	179.64	-5	585-4.png	
0.09	3.02	17.57	2.85	1.07	197.7	15	586-0.png	
0.08	2.16	21.71	2.2	0.86	200.6	15	586-1.png	
1.31	2.41	22.83	1.8	0.84	199.78	15	586-2.png	
0.17	1.92	24.5	1.84	0.77	200.92	15	586-3.png	
0.24	6.03	12.6	3.73	1.68	153.73	5	587-0.png	
0.24	6.39	14.86	3.59	1.41	153.03	0	587-1.png	
0.45	6.79	14.43	3.5	1.36	155.65	180	587-2.png	
-0.03	3.7	13.8	3.88	1.31	156.18	180	587-3.png	
-0.15	5.54	13.0	4.2	1.77	158.95	0	588-0.png	
0.14	4.52	13.71	3.89	1.66	159.98	180	588-1.png	
0.21	3.64	12.38	4.57	2.12	156.31	180	588-2.png	
0.68	3.69	13.56	4.19	1.85	161.14	180	588-3.png	
0.23	4.2	12.62	4.34	1.93	157.93	180	588-4.png	
0.83	7.26	12.67	4.34	2.42	159.8	180	588-5.png	
0.45	2.81	11.4	5.13	2.15	159.53	0	588-6.png	
0.52	3.92	13.0	4.3	2.21	162.35	180	588-7.png	
0.42	4.38	12.11	4.76	1.99	158.37	180	588-8.png	
0.02	4.73	12.25	4.61	1.97	160.05	180	588-9.png	
-0.38	1.4	12.17	4.38	2.45	165.84	30	589-0.png	
0.1	2.99	11.7	4.98	1.51	143.2	45	590-0.png	
0.87	3.93	14.0	3.98	1.3	150.01	30	591-0.png	
0.53	5.07	14.0	4.02	2.04	133.38	45	592-0.png	
0.36	3.87	17.83	2.59	1.0	155.73	-5	593-0.png	
0.02	2.24	16.55	3.27	1.19	148.05	45	594-0.png	
-0.42	4.07	15.0	3.62	1.27	142.62	30	595-0.png	
0.23	1.39	25.89	1.78	0.74	150.51	-5	596-0.png	
0.33	3.22	18.0	2.73	0.66	148.46	180	597-0.png	
0.24	2.47	17.4	2.89	1.04	161.91	45	598-0.png	
-0.06	4.3	15.11	3.4	1.21	159.88	45	598-1.png	
0.74	3.62	13.55	4.02	1.02	154.7	-15	599-0.png	
0.23	5.29	14.0	3.94	0.94	154.31	-5	599-1.png	
0.49	5.76	12.14	4.91	1.88	175.46	30	600-0.png	
0.13	1.94	16.5	3.15	1.05	155.52	30	601-0.png	
1.13	4.83	18.0	2.74	1.22	167.79	5	602-0.png	
0.07	2.83	18.0	2.9	1.51	164.57	30	603-0.png	
0.62	0.26	19.33	2.77	1.36	164.65	180	604-0.png	
0.24	3.44	14.83	3.44	0.83	166.27	30	605-0.png	
0.05	3.5	14.0	3.62	1.45	162.44	-5	606-0.png	
0.31	3.0	16.0	3.34	1.8	147.6	30	607-0.png	
0.26	5.51	13.6	4.01	1.31	128.84	-5	608-0.png	
0.48	0.19	21.0	2.11	1.9	157.43	15	609-0.png	
0.15	2.5	14.38	3.78	1.41	131.53	0	610-0.png	
1.17	0.79	29.0	0.9	0.74	200.09	-15	611-0.png	
0.75	2.54	13.0	3.96	1.87	190.68	-5	612-0.png	
0.2	7.0	9.0	7.87	2.48	134.65	-15	613-0.png	
-0.1	1.42	14.8	3.73	1.93	156.84	-30	614-0.png	
0.22	2.35	13.17	3.86	1.33	150.28	180	615-0.png	
0.01	1.76	21.57	2.33	0.91	135.23	15	616-0.png	
0.27	2.5	19.2	2.66	1.24	146.41	180	617-0.png	
0.2	4.16	16.6	2.9	1.09	143.82	30	618-0.png	
0.67	3.42	12.0	4.96	1.88	144.37	180	619-0.png	
-0.18	2.54	17.7	2.97	1.12	144.6	45	620-0.png	
0.21	5.52	10.14	5.63	1.58	133.84	-5	621-0.png	
-0.01	4.05	11.86	4.64	1.14	135.74	180	622-0.png	
0.16	7.9	8.86	6.52	2.02	139.37	45	623-0.png	
-0.57	3.69	18.43	2.68	1.19	160.97	180	624-0.png	
-0.05	2.56	18.0	2.78	0.87	170.67	30	625-0.png	
0.06	1.99	19.14	2.66	1.13	181.59	5	626-0.png	
0.04	1.43	17.5	3.03	1.52	189.57	15	627-0.png	
0.15	3.47	14.71	3.59	1.85	135.69	15	628-0.png	
0.77	3.18	18.88	2.53	0.9	189.07	-30	629-0.png	
0.22	2.32	10.78	5.34	1.43	141.17	-15	630-0.png	
-0.97	1.79	19.5	2.57	0.91	181.01	30	631-0.png	
0.08	2.2	12.25	4.64	1.47	168.29	0	632-0.png	
-0.66	6.64	14.75	4.78	1.27	158.21	45	633-0.png	
-0.15	2.34	20.11	2.7	1.8	153.92	30	634-0.png	
-1.01	0.74	20.31	2.25	1.47	157.43	45	634-1.png	
-0.39	2.18	21.55	2.32	1.31	157.83	45	634-2.png	
0.03	1.78	16.3	3.15	2.11	156.73	45	634-3.png	
1.13	0.88	22.73	2.17	0.96	165.44	30	634-4.png	
0.16	0.89	21.36	2.41	1.2	176.7	30	634-5.png	
0.76	0.86	22.1	2.14	0.9	179.1	30	634-6.png	
0.05	0.94	21.38	1.86	1.09	178.56	30	634-7.png	
-0.2	1.9	22.1	2.18	2.04	177.82	30	634-8.png	
0.09	2.62	13.71	4.09	1.48	154.4	15	635-0.png	
0.2	5.49	14.4	3.69	1.46	152.03	15	635-1.png	
0.87	4.09	14.17	3.75	1.47	155.23	15	635-2.png	
0.11	1.66	13.25	4.19	1.49	151.58	15	635-3.png	
0.1	3.46	13.86	3.9	1.44	155.18	15	635-4.png	
0.99	4.9	13.67	3.85	1.24	151.93	15	635-5.png	
0.36	3.5	11.71	4.8	1.58	153.55	15	635-6.png	
0.66	3.57	13.43	3.93	1.44	150.91	15	635-7.png	
-0.06	3.23	13.0	4.39	1.36	153.64	5	635-8.png	
1.11	5.61	14.8	3.54	1.58	152.02	15	635-9.png	
0.18	1.31	18.38	2.73	0.68	129.78	15	636-0.png	
0.39	3.19	13.17	3.76	1.32	167.78	15	637-0.png	
0.43	5.47	13.7	4.11	2.28	155.62	45	638-0.png	
-0.21	0.28	18.0	2.71	0.75	156.14	45	639-0.png	
0.15	1.12	22.25	2.09	1.15	159.61	45	640-0.png	
0.96	2.98	16.43	3.1	0.99	167.48	-5	641-0.png	
0.43	2.05	21.43	2.35	1.16	140.19	0	642-0.png	
0.11	1.54	27.9	1.48	1.08	161.23	0	643-0.png	
0.22	1.32	19.0	2.67	0.95	156.72	30	644-0.png	
0.39	2.55	15.29	3.36	0.95	172.57	30	645-0.png	
0.09	0.88	24.0	1.88	0.76	168.9	30	648-0.png	
-0.06	0.37	24.09	1.89	0.87	171.14	45	649-0.png	
0.22	1.17	14.5	3.77	1.56	170.57	0	650-0.png	
0.52	2.31	16.86	3.14	1.63	168.53	5	651-0.png	
0.14	4.15	13.5	4.01	1.72	161.0	180	652-0.png	
0.04	4.36	11.0	5.17	2.09	149.41	30	653-0.png	
-0.6	1.59	21.44	2.29	0.81	167.42	45	654-0.png	
0.12	0.83	15.67	7.93	1.25	154.63	45	655-0.png	
0.54	4.42	15.6	3.54	1.9	151.82	15	658-0.png	
-0.45	2.0	17.5	3.54	1.65	150.56	15	658-1.png	
0.35	0.56	21.36	2.34	1.04	152.97	15	659-0.png	
0.42	2.88	17.33	6.46	1.7	130.81	180	660-0.png	
0.18	1.66	22.88	2.02	0.76	132.2	15	661-0.png	
0.12	2.89	13.86	3.89	1.35	165.26	30	662-0.png	
-0.16	0.27	18.25	2.61	0.78	125.8	15	663-0.png	
0.12	1.41	14.14	3.71	1.26	131.81	15	664-0.png	
0.15	1.21	20.7	2.49	0.89	176.38	45	665-0.png	
0.08	3.46	13.29	4.2	1.49	126.58	15	666-0.png	
0.09	4.05	13.57	3.85	1.51	129.39	180	667-0.png	
0.23	0.68	14.67	3.77	1.42	160.72	15	668-0.png	
0.8	7.22	12.75	3.78	1.83	135.1	-15	669-0.png	
0.1	2.14	20.57	2.42	1.46	168.61	5	670-0.png	
-0.63	1.62	25.25	1.75	0.97	165.7	15	670-1.png	
-0.16	1.86	21.45	2.31	1.17	167.33	15	670-2.png	
0.74	1.6	22.45	2.17	1.34	169.92	15	670-3.png	
0.99	1.62	21.0	2.3	1.42	167.66	15	670-4.png	
0.9	1.96	19.89	2.49	1.5	167.69	15	670-5.png	
0.45	1.97	19.8	2.62	1.83	163.47	15	670-6.png	
0.31	0.9	22.1	2.3	1.42	169.2	15	670-7.png	
-0.38	1.53	24.11	1.89	1.56	166.9	15	670-8.png	
-0.08	1.88	21.22	2.27	1.81	164.36	15	670-9.png	
0.36	2.58	11.64	5.05	2.11	142.54	180	671-0.png	
0.36	2.06	11.64	5.06	1.84	145.38	0	671-1.png	
0.38	3.85	13.0	4.49	1.36	151.0	180	671-10.png	
0.52	5.15	12.62	4.36	1.57	150.85	0	671-2.png	
0.52	3.93	12.22	4.77	1.75	148.26	0	671-4.png	
0.4	5.46	12.44	4.64	1.54	151.43	0	671-5.png	
0.21	2.13	12.18	4.81	1.66	151.69	0	671-6.png	
0.21	2.47	12.55	4.59	1.45	148.78	180	671-7.png	
-0.02	3.98	12.3	4.75	1.6	148.31	0	671-8.png	
0.41	4.07	12.3	4.59	1.38	153.32	0	671-9.png	
-0.44	0.21	23.91	2.05	1.41	161.12	15	672-0.png	
